6 0.84296875 0.84765625 0.1984375 0.09375
4 0.6703125 0.528125 0.0453125 0.2125
4 0.0828125 0.740625 0.06015625 0.23359375
5 0.37421875 0.78984375 0.05 0.24765625
4 0.20078125 0.5828125 0.046875 0.2359375
4 0.5578125 0.521875 0.05625 0.24296875
4 0.5125 0.5234375 0.08359375 0.24296875
4 0.375 0.3484375 0.03203125 0.1859375
4 0.79140625 0.578125 0.06640625 0.29140625
2 0.1921875 0.2484375 0.03203125 0.06328125
4 0.8984375 0.39921875 0.03671875 0.21796875
5 0.93203125 0.33828125 0.04296875 0.16171875
1 0.13828125 0.03046875 0.01796875 0.0578125
5 0.1546875 0.31328125 0.046875 0.22265625
0 0.8765625 0.38671875 0.0140625 0.025
4 0.37421875 0.284375 0.0359375 0.17890625
4 0.68125 0.4390625 0.04375 0.203125
3 0.84375 0.84765625 0.20078125 0.0984375
3 0.9 0.08046875 0.1046875 0.07109375