6 0.83125 0.83359375 0.1984375 0.0984375
4 0.3625 0.575 0.06171875 0.24765625
4 0.2046875 0.49453125 0.05859375 0.1734375
4 0.50078125 0.52421875 0.05 0.228125
1 0.94375 0.10625 0.03671875 0.053125
4 0.76171875 0.61015625 0.0375 0.228125
5 0.384375 0.2984375 0.0296875 0.15859375
5 0.81015625 0.44140625 0.0421875 0.1890625
4 0.89140625 0.72890625 0.06640625 0.26328125
5 0.27265625 0.83671875 0.0453125 0.253125
2 0.6953125 0.2703125 0.02890625 0.0578125
4 0.3015625 0.3421875 0.06015625 0.20859375
1 0.75078125 0.0484375 0.0203125 0.08359375
4 0.4578125 0.4484375 0.06484375 0.15546875
4 0.42265625 0.39921875 0.04375 0.1796875
4 0.4328125 0.3859375 0.05078125 0.17265625
4 0.26796875 0.334375 0.0328125 0.196875
0 0.24609375 0.234375 0.0125 0.0234375
3 0.83046875 0.83203125 0.19921875 0.09921875