6 0.86640625 0.87265625 0.17265625 0.153125
4 0.52265625 0.70390625 0.08203125 0.32265625
4 0.5671875 0.42578125 0.06015625 0.20234375
4 0.38671875 0.63984375 0.06640625 0.3078125
1 0.05 0.05390625 0.04140625 0.06875
4 0.47578125 0.54765625 0.071875 0.2359375
5 0.028125 0.60625 0.0390625 0.26640625
2 0.340625 0.253125 0.0375 0.07109375
1 0.2796875 0.01328125 0.025 0.02578125
4 0.52109375 0.496875 0.05234375 0.2109375
5 0.74453125 0.35859375 0.03984375 0.21015625
0 0.3703125 0.18671875 0.01640625 0.02734375
5 0.85546875 0.83515625 0.090625 0.32890625
4 0.384375 0.440625 0.071875 0.275
4 0.42734375 0.428125 0.059375 0.22890625
4 0.4484375 0.48515625 0.05234375 0.2296875
3 0.8671875 0.875 0.17421875 0.15546875