4 0.77890625 0.56796875 0.07421875 0.1703125
4 0.246875 0.62421875 0.05625 0.19765625
4 0.9609375 0.653125 0.078125 0.2015625
5 0.1875 0.7 0.06015625 0.1875
6 0.2625 0.93984375 0.47890625 0.06875
4 0.69453125 0.63671875 0.08046875 0.19140625
4 0.22734375 0.51640625 0.071875 0.1625
4 0.36640625 0.459375 0.05703125 0.1484375
5 0.8359375 0.359375 0.034375 0.125
4 0.39765625 0.4875 0.040625 0.14296875
4 0.4125 0.39765625 0.04453125 0.13515625
0 0.3796875 0.46875 0.01484375 0.02734375
3 0.5 0.93984375 1 0.06796875