4 0.43203125 0.48515625 0.06171875 0.24140625
4 0.0265625 0.5484375 0.053125 0.26875
5 0.490625 0.8765625 0.05703125 0.246875
6 0.83046875 0.83203125 0.19765625 0.096875
4 0.496875 0.47890625 0.06328125 0.25
5 0.6625 0.47109375 0.0484375 0.22265625
4 0.56484375 0.48828125 0.04375 0.20390625
4 0.321875 0.584375 0.05703125 0.26171875
1 0.94296875 0.1109375 0.04296875 0.06875
4 0.5859375 0.6328125 0.04140625 0.2890625
4 0.71328125 0.62734375 0.0765625 0.2828125
2 0.63828125 0.3078125 0.03828125 0.06875
5 0.03515625 0.41171875 0.040625 0.20546875
1 0.703125 0.04296875 0.0203125 0.0859375
0 0.321875 0.45 0.0171875 0.0296875
4 0.09609375 0.5875 0.04140625 0.2796875
4 0.1421875 0.715625 0.06328125 0.2765625
4 0.1140625 0.67421875 0.05078125 0.290625
3 0.83125 0.83125 0.2015625 0.10234375