5 0.26328125 0.74609375 0.0515625 0.2234375
4 0.50390625 0.44375 0.059375 0.2140625
4 0.35703125 0.30078125 0.03984375 0.17578125
4 0.3109375 0.3390625 0.04453125 0.18359375
4 0.7046875 0.51953125 0.04296875 0.1828125
4 0.80859375 0.4890625 0.05 0.19765625
4 0.5484375 0.52421875 0.05859375 0.1796875
4 0.13359375 0.5828125 0.03359375 0.2453125
4 0.9046875 0.49375 0.04296875 0.203125
5 0.18125 0.340625 0.03515625 0.1640625
2 0.1890625 0.26640625 0.03046875 0.05546875
5 0.934375 0.37734375 0.040625 0.16484375
1 0.13359375 0.04296875 0.01953125 0.08515625
6 0.5 0.93984375 1 0.0671875
0 0.8984375 0.3875 0.0140625 0.02421875
4 0.54765625 0.4296875 0.0359375 0.16796875
4 0.009375 0.7546875 0.01875 0.09375
3 0.8875 0.9328125 0.225 0.0578125
3 0.5 0.93984375 1 0.06875
3 0.5 0.91640625 0.546875 0.09296875