4 0.3828125 0.2046875 0.05390625 0.171875
4 0.6296875 0.28671875 0.040625 0.1984375
4 0.5578125 0.15546875 0.03203125 0.17734375
4 0.58046875 0.3625 0.0546875 0.21640625
4 0.62109375 0.8625 0.08671875 0.275
4 0.40078125 0.02578125 0.01875 0.0515625
4 0.465625 0.025 0.01484375 0.04921875
5 0.153125 0.15703125 0.053125 0.15703125
5 0.98984375 0.653125 0.0203125 0.14609375
4 0.58984375 0.015625 0.0109375 0.03125
4 0.58046875 0.8078125 0.1046875 0.38359375
0 0.64609375 0.83984375 0.028125 0.04921875
4 0.5171875 0.00234375 0.01015625 0.00390625
5 0.67890625 0.009375 0.00703125 0.01796875
3 0.91640625 0.0578125 0.07890625 0.05390625