4 0.2171875 0.6625 0.0609375 0.328125
4 0.43984375 0.490625 0.059375 0.33828125
6 0.8671875 0.87421875 0.17109375 0.1515625
4 0.61796875 0.70390625 0.06953125 0.4046875
5 0.2359375 0.9125 0.06484375 0.175
4 0.521875 0.51484375 0.06484375 0.275
5 0.68359375 0.4171875 0.05234375 0.2875
4 0.08125 0.79765625 0.09375 0.4046875
2 0.653125 0.2453125 0.05078125 0.10078125
4 0.56171875 0.7140625 0.07890625 0.375
4 0.6734375 0.7078125 0.12578125 0.3421875
0 0.23359375 0.66328125 0.02578125 0.0484375
3 0.8671875 0.875 0.171875 0.15546875