4 0.55078125 0.81640625 0.1125 0.2578125
4 0.875 0.5515625 0.07578125 0.25234375
4 0.171875 0.53046875 0.0625 0.209375
6 0.83125 0.83359375 0.19765625 0.09609375
4 0.6984375 0.359375 0.059375 0.16796875
4 0.35078125 0.4234375 0.08515625 0.17734375
2 0.0265625 0.2734375 0.03515625 0.06171875
4 0.95390625 0.55234375 0.0921875 0.2109375
5 0.75625 0.32265625 0.059375 0.16484375
5 0.034375 0.65703125 0.06875 0.2046875
4 0.95 0.725 0.03984375 0.265625
0 0.48046875 0.32890625 0.01875 0.02890625
4 0.72578125 0.4609375 0.06640625 0.20625
4 0.85 0.5046875 0.06953125 0.2125
3 0.83125 0.8328125 0.19921875 0.10078125