4 0.2828125 0.5859375 0.08046875 0.29140625
5 0.11875 0.85546875 0.06640625 0.28828125
4 0.46875 0.5328125 0.05703125 0.2953125
6 0.53359375 0.9078125 0.4484375 0.0515625
4 0.51171875 0.4109375 0.07734375 0.26875
4 0.609375 0.7625 0.08359375 0.29921875
2 0.60234375 0.22734375 0.040625 0.0703125
4 0.07890625 0.465625 0.06171875 0.2609375
1 0.90078125 0.0265625 0.046875 0.053125
5 0.88984375 0.57109375 0.0484375 0.26796875
5 0.16484375 0.32265625 0.05625 0.19765625
4 0.6078125 0.56015625 0.0484375 0.25390625
4 0.46640625 0.4421875 0.071875 0.2359375
4 0.203125 0.52265625 0.084375 0.3
4 0.1921875 0.378125 0.0640625 0.23046875
3 0.50078125 0.92890625 0.515625 0.096875