4 0.7140625 0.42578125 0.053125 0.1953125
4 0.21171875 0.45625 0.06484375 0.20625
4 0.31875 0.57265625 0.06328125 0.23046875
4 0.52109375 0.61796875 0.053125 0.2234375
4 0.35859375 0.46875 0.0546875 0.190625
4 0.45625 0.6546875 0.046875 0.24140625
5 0.07265625 0.81875 0.04609375 0.24375
5 0.4921875 0.34296875 0.03359375 0.1640625
2 0.8296875 0.28828125 0.03359375 0.0609375
6 0.83125 0.83203125 0.19765625 0.09765625
4 0.8421875 0.65703125 0.03828125 0.24296875
1 0.89140625 0.04765625 0.01796875 0.09375
4 0.10859375 0.5765625 0.04609375 0.2203125
4 0.72578125 0.38203125 0.034375 0.203125
0 0.10859375 0.45625 0.015625 0.025
4 0.86484375 0.690625 0.03671875 0.1875
3 0.83125 0.83125 0.2 0.10078125