6 0.2625 0.93828125 0.4796875 0.06953125
4 0.97890625 0.53359375 0.0421875 0.2
4 0.425 0.4359375 0.040625 0.16796875
4 0.2671875 0.5109375 0.04296875 0.17890625
4 0.521875 0.53125 0.03671875 0.2015625
1 0.0546875 0.17265625 0.0328125 0.046875
0 0.29765625 0.55546875 0.01328125 0.0234375
4 0.440625 0.5359375 0.0453125 0.196875
4 0.16953125 0.5109375 0.03046875 0.1890625
5 0.2578125 0.365625 0.02734375 0.14375
4 0.4796875 0.38828125 0.0265625 0.1671875
4 0.55234375 0.49609375 0.09375 0.19296875
4 0.58125 0.40625 0.0296875 0.1640625
2 0.27578125 0.3125 0.02734375 0.05234375
1 0.23046875 0.115625 0.01484375 0.0734375
5 0.34609375 0.7125 0.03828125 0.18359375
3 0.5 0.9390625 1 0.0703125