5 0.38671875 0.71171875 0.05546875 0.26015625
4 0.7703125 0.6640625 0.06796875 0.2875
4 0.38515625 0.33046875 0.05234375 0.19921875
4 0.21953125 0.53203125 0.05234375 0.2359375
4 0.603125 0.57265625 0.0625 0.24140625
5 0.94375 0.26015625 0.05 0.19375
6 0.2625 0.93046875 0.47890625 0.06953125
4 0.06328125 0.61953125 0.05703125 0.2515625
4 0.3421875 0.26796875 0.03046875 0.20625
4 0.6859375 0.45703125 0.10390625 0.19140625
4 0.721875 0.4890625 0.10859375 0.1828125
4 0.65 0.35546875 0.05078125 0.18671875
4 0.6078125 0.425 0.08046875 0.24375
0 0.70546875 0.56484375 0.01640625 0.02890625
5 0.2703125 0.24296875 0.0328125 0.19140625
2 0.275 0.15234375 0.03203125 0.0640625
3 0.5 0.9296875 1 0.06953125