5 0.3625 0.74140625 0.05859375 0.26875
6 0.86640625 0.87265625 0.171875 0.15234375
4 0.4328125 0.415625 0.065625 0.23515625
4 0.3015625 0.4609375 0.0671875 0.246875
4 0.21171875 0.509375 0.05078125 0.25390625
4 0.809375 0.40390625 0.05859375 0.23203125
4 0.51875 0.67734375 0.046875 0.3140625
4 0.16875 0.3765625 0.071875 0.2234375
2 0.24921875 0.20859375 0.034375 0.0703125
4 0.33359375 0.36875 0.06953125 0.2453125
5 0.91875 0.32890625 0.04140625 0.20546875
5 0.24140625 0.3 0.03984375 0.203125
4 0.303125 0.334375 0.04765625 0.3203125
0 0.28984375 0.17109375 0.0203125 0.04140625
3 0.8671875 0.8734375 0.175 0.15390625