4 0.7578125 0.565625 0.07890625 0.21875
6 0.84296875 0.84765625 0.1984375 0.09296875
4 0.71171875 0.396875 0.0640625 0.19765625
4 0.9640625 0.56171875 0.06171875 0.234375
5 0.03359375 0.6734375 0.0609375 0.2578125
4 0.42421875 0.471875 0.06328125 0.2296875
1 0.12890625 0.12890625 0.0359375 0.0609375
4 0.546875 0.5609375 0.0484375 0.17890625
4 0.1640625 0.690625 0.071875 0.23515625
4 0.17109375 0.70703125 0.05546875 0.26640625
4 0.2859375 0.53984375 0.0671875 0.3078125
2 0.39375 0.315625 0.034375 0.0671875
4 0.4578125 0.4125 0.0453125 0.21953125
1 0.3390625 0.0625 0.0203125 0.09453125
4 0.5515625 0.35703125 0.03984375 0.1875
5 0.77421875 0.3734375 0.03046875 0.17109375
0 0.2609375 0.34921875 0.01875 0.03515625
5 0.85859375 0.8875 0.07109375 0.22421875
3 0.84375 0.84765625 0.1984375 0.096875
3 0.90078125 0.08046875 0.1046875 0.0703125