4 0.509375 0.71484375 0.1078125 0.290625
4 0.49765625 0.63984375 0.10546875 0.2421875
3 0.5 0.93828125 1 0.0671875
6 0.2625 0.93828125 0.47890625 0.06796875
4 0.7140625 0.47109375 0.059375 0.23671875
4 0.3015625 0.6859375 0.11328125 0.2546875
5 0.475 0.86484375 0.08828125 0.2703125
1 0.04609375 0.11171875 0.040625 0.0640625
4 0.221875 0.57421875 0.07265625 0.2390625
1 0.2421875 0.03828125 0.0265625 0.07578125
2 0.303125 0.28828125 0.034375 0.06328125
5 0.29140625 0.42734375 0.0390625 0.178125
4 0.35078125 0.60078125 0.0640625 0.29296875
4 0.2640625 0.4796875 0.06640625 0.2203125
0 0.640625 0.31328125 0.0203125 0.03203125
4 0.328125 0.54375 0.078125 0.1953125
4 0.3828125 0.471875 0.06796875 0.1875