4 0.26171875 0.53046875 0.053125 0.2171875
4 0.49375 0.6140625 0.0734375 0.24375
4 0.909375 0.565625 0.0734375 0.22265625
4 0.56875 0.49609375 0.0625 0.21171875
4 0.3 0.359375 0.0609375 0.1625
4 0.4625 0.40546875 0.05078125 0.190625
4 0.75390625 0.2890625 0.04453125 0.17265625
4 0.13984375 0.5296875 0.053125 0.23203125
5 0.69453125 0.76484375 0.05703125 0.234375
4 0.6984375 0.33671875 0.04609375 0.1953125
2 0.909375 0.2546875 0.03125 0.05703125
0 0.28046875 0.34921875 0.01484375 0.02734375
1 0.97109375 0.03515625 0.02421875 0.0703125
5 0.91953125 0.32578125 0.03203125 0.165625
6 0.86953125 0.9203125 0.19375 0.09609375
4 0.996875 0.72578125 0.00625 0.234375
3 0.83203125 0.91953125 0.271875 0.09765625