6 0.86640625 0.875 0.171875 0.15234375
5 0.6578125 0.340625 0.05703125 0.26640625
4 0.321875 0.2953125 0.075 0.2640625
2 0.6203125 0.23046875 0.046875 0.09453125
4 0.47734375 0.484375 0.05390625 0.32578125
4 0.35 0.8859375 0.1015625 0.228125
4 0.36953125 0.69140625 0.0734375 0.33515625
5 0.50078125 0.9421875 0.08125 0.1140625
4 0.65625 0.6015625 0.096875 0.35
4 0.5453125 0.57421875 0.1 0.32890625
4 0.62734375 0.484375 0.06953125 0.42265625
4 0.57265625 0.4875 0.10859375 0.43046875
4 0.6140625 0.578125 0.06328125 0.34453125
0 0.6078125 0.16015625 0.01953125 0.03984375
3 0.86640625 0.875 0.17265625 0.15546875