4 0.38671875 0.49140625 0.07265625 0.28515625
4 0.21328125 0.49140625 0.0875 0.2484375
6 0.8671875 0.875 0.17109375 0.15390625
4 0.71484375 0.546875 0.0625 0.27734375
4 0.09609375 0.746875 0.14375 0.24609375
1 0.02421875 0.02734375 0.0421875 0.05390625
4 0.5140625 0.35625 0.04453125 0.22265625
5 0.35546875 0.7875 0.0546875 0.2609375
5 0.28984375 0.34765625 0.0421875 0.21171875
2 0.3265625 0.228125 0.0375 0.0734375
4 0.46796875 0.3234375 0.0515625 0.19453125
4 0.353125 0.44453125 0.0390625 0.246875
4 0.2296875 0.6203125 0.08359375 0.20859375
0 0.21875 0.628125 0.021875 0.04140625
4 0.1484375 0.5328125 0.0609375 0.28203125
3 0.8671875 0.875 0.17265625 0.1546875