3 0.8515625 0.88671875 0.20625 0.11640625
6 0.8515625 0.8828125 0.20546875 0.109375
4 0.44765625 0.6484375 0.06015625 0.29765625
4 0.56640625 0.49296875 0.06640625 0.25703125
4 0.0359375 0.85390625 0.071875 0.29140625
1 0.0484375 0.02734375 0.04609375 0.05390625
4 0.80546875 0.3765625 0.05546875 0.2453125
4 0.16328125 0.82109375 0.09765625 0.3578125
2 0.38359375 0.2546875 0.03828125 0.0765625
5 0.8546875 0.271875 0.0515625 0.2484375
4 0.51171875 0.43671875 0.05625 0.2703125
1 0.3125 0.00859375 0.0234375 0.01640625
4 0.4921875 0.44609375 0.075 0.24609375
5 0.06015625 0.70859375 0.0484375 0.25859375
4 0.4359375 0.40859375 0.06484375 0.26796875
4 0.4421875 0.47265625 0.10546875 0.2328125
5 0.840625 0.8953125 0.04296875 0.209375