6 0.8671875 0.87734375 0.17109375 0.1515625
4 0.403125 0.64921875 0.08515625 0.37109375
5 0.55625 0.90859375 0.1015625 0.1828125
4 0.5015625 0.659375 0.09140625 0.365625
4 0.5875 0.4453125 0.078125 0.31015625
4 0.46484375 0.44140625 0.06640625 0.33984375
4 0.753125 0.55078125 0.06640625 0.434375
4 0.34453125 0.628125 0.0765625 0.3625
2 0.359375 0.2234375 0.0484375 0.08671875
4 0.98671875 0.39609375 0.02578125 0.3234375
5 0.3765625 0.40703125 0.07734375 0.2765625
0 0.6140625 0.11171875 0.0265625 0.0453125
3 0.8671875 0.8765625 0.1734375 0.15625
3 0.915625 0.0578125 0.07734375 0.0546875