4 0.415625 0.68515625 0.0703125 0.246875
4 0.33984375 0.60859375 0.08046875 0.21484375
5 0.52890625 0.896875 0.0640625 0.2046875
6 0.86640625 0.87421875 0.17109375 0.1515625
1 0.92265625 0.15390625 0.0359375 0.06171875
4 0.41015625 0.53203125 0.08984375 0.21015625
5 0.15234375 0.44609375 0.04921875 0.21171875
4 0.275 0.51015625 0.04609375 0.20625
4 0.34375 0.846875 0.07734375 0.30078125
4 0.33125 0.83984375 0.0796875 0.3203125
2 0.646875 0.365625 0.034375 0.07578125
4 0.77734375 0.68359375 0.071875 0.2359375
1 0.70390625 0.0984375 0.02421875 0.10390625
0 0.5828125 0.21640625 0.0203125 0.03828125
4 0.02109375 0.5328125 0.040625 0.23984375
4 0.7125 0.696875 0.08046875 0.2203125
3 0.86640625 0.87578125 0.171875 0.15859375