4 0.0328125 0.44609375 0.04921875 0.2015625
4 0.75703125 0.58125 0.0734375 0.225
4 0.46953125 0.45546875 0.08125 0.21171875
4 0.41640625 0.7109375 0.0484375 0.2953125
4 0.340625 0.5375 0.04140625 0.22734375
6 0.53359375 0.9296875 0.44921875 0.09609375
4 0.2546875 0.484375 0.0421875 0.22421875
1 0.840625 0.0984375 0.03828125 0.06171875
5 0.18671875 0.3546875 0.0390625 0.17578125
5 0.88828125 0.60859375 0.03984375 0.23203125
2 0.6 0.2640625 0.0296875 0.05625
1 0.6515625 0.03828125 0.02109375 0.0765625
0 0.9296875 0.61484375 0.015625 0.028125
3 0.50078125 0.92890625 0.515625 0.09609375