6 0.84296875 0.8484375 0.1984375 0.0921875
4 0.21796875 0.40234375 0.09296875 0.259375
4 0.50390625 0.24765625 0.1125 0.28828125
4 0.334375 0.05 0.053125 0.1
4 0.59765625 0.7640625 0.125 0.1640625
5 0.96484375 0.06484375 0.0703125 0.1296875
4 0.52265625 0.34921875 0.103125 0.21328125
4 0.7578125 0.3125 0.0875 0.28515625
4 0.5484375 0.6140625 0.090625 0.2484375
4 0.33828125 0.61328125 0.09140625 0.2765625
2 0.49296875 0.8078125 0.10546875 0.18828125
0 0.49609375 0.79609375 0.059375 0.1046875
3 0.84375 0.8484375 0.2 0.09921875
3 0.89921875 0.0796875 0.10625 0.06953125