4 0.47109375 0.47109375 0.06171875 0.29609375
4 0.68671875 0.68203125 0.06875 0.2875
5 0.50859375 0.91796875 0.0640625 0.1640625
4 0.5921875 0.67578125 0.0734375 0.31640625
5 0.55078125 0.44765625 0.06484375 0.259375
4 0.08671875 0.82578125 0.08671875 0.3484375
1 0.92421875 0.02109375 0.04375 0.0421875
6 0.86640625 0.875 0.17109375 0.1515625
2 0.5859375 0.26875 0.0421875 0.0875
4 0.2234375 0.5859375 0.0546875 0.3890625
4 0.0421875 0.4171875 0.04140625 0.26796875
4 0.39375 0.4640625 0.07890625 0.303125
4 0.32421875 0.4796875 0.05078125 0.29453125
0 0.4796875 0.12734375 0.02265625 0.03984375
3 0.86640625 0.875 0.17265625 0.15390625