4 0.17734375 0.7359375 0.071875 0.2984375
6 0.8671875 0.87578125 0.171875 0.1515625
4 0.578125 0.5734375 0.05859375 0.28125
4 0.24453125 0.44921875 0.0828125 0.22734375
5 0.33984375 0.85234375 0.08125 0.25703125
4 0.4015625 0.47734375 0.05078125 0.25546875
1 0.8359375 0.02578125 0.04140625 0.05
4 0.1984375 0.5359375 0.09921875 0.234375
4 0.6375 0.45078125 0.05703125 0.2546875
2 0.5375 0.2234375 0.03828125 0.07109375
5 0.57734375 0.32578125 0.03828125 0.20625
4 0.5328125 0.80859375 0.10234375 0.23828125
0 0.5921875 0.42109375 0.01953125 0.03203125
4 0.440625 0.465625 0.06640625 0.27421875
3 0.8671875 0.875 0.171875 0.15234375
3 0.915625 0.05859375 0.07734375 0.0515625