6 0.534375 0.90703125 0.4484375 0.05
5 0.540625 0.7328125 0.0546875 0.24375
4 0.36953125 0.57265625 0.04375 0.228125
4 0.71875 0.44453125 0.0421875 0.171875
4 0.27421875 0.66953125 0.05390625 0.2453125
1 0.225 0.11875 0.03046875 0.05703125
4 0.7453125 0.43359375 0.05390625 0.1890625
2 0.44921875 0.2765625 0.0296875 0.05390625
1 0.4015625 0.05546875 0.01953125 0.084375
4 0.56640625 0.31484375 0.0890625 0.1578125
4 0.5671875 0.3046875 0.0640625 0.16640625
5 0.9484375 0.3609375 0.03203125 0.20390625
5 0.43984375 0.33828125 0.02890625 0.1515625
4 0.8015625 0.4296875 0.05078125 0.14609375
4 0.55234375 0.42109375 0.065625 0.18828125
4 0.58046875 0.43359375 0.05625 0.1796875
4 0.56875 0.42421875 0.046875 0.19140625
0 0.60625 0.19609375 0.01328125 0.01953125
3 0.5015625 0.93046875 0.5125 0.10078125
3 0.8890625 0.0640625 0.12890625 0.0765625