6 0.8671875 0.87578125 0.1703125 0.15
4 0.24140625 0.75078125 0.06875 0.29609375
5 0.46328125 0.86171875 0.07578125 0.2765625
4 0.32265625 0.51875 0.04609375 0.246875
4 0.02109375 0.49609375 0.0421875 0.2453125
5 0.71015625 0.3953125 0.046875 0.2109375
1 0.94375 0.0953125 0.04375 0.06953125
4 0.71875 0.80703125 0.08203125 0.3015625
4 0.659375 0.6640625 0.06875 0.27890625
2 0.6421875 0.3 0.03828125 0.075
4 0.52890625 0.51015625 0.07421875 0.225
1 0.70546875 0.03515625 0.025 0.06953125
4 0.48359375 0.49140625 0.0625 0.2578125
0 0.65 0.284375 0.01875 0.03515625
4 0.51484375 0.528125 0.06875 0.26640625
4 0.63203125 0.62734375 0.07734375 0.284375
3 0.8671875 0.87578125 0.17265625 0.15390625
3 0.915625 0.05703125 0.07734375 0.05234375