6 0.83125 0.83125 0.19765625 0.0953125
4 0.303125 0.65703125 0.1109375 0.25703125
4 0.44140625 0.58828125 0.0484375 0.17421875
4 0.55546875 0.5421875 0.05078125 0.2015625
1 0.15078125 0.11171875 0.0328125 0.05703125
5 0.70625 0.753125 0.0390625 0.2953125
4 0.66328125 0.54453125 0.03359375 0.2375
5 0.1515625 0.69453125 0.04765625 0.23046875
4 0.45703125 0.40234375 0.0484375 0.203125
5 0.7421875 0.340625 0.034375 0.165625
4 0.39375 0.546875 0.03828125 0.21953125
4 0.27890625 0.7125 0.04921875 0.2078125
4 0.3859375 0.459375 0.0359375 0.19609375
2 0.4 0.27109375 0.03203125 0.0578125
1 0.346875 0.0421875 0.0171875 0.084375
4 0.48515625 0.39765625 0.04921875 0.2
0 0.1671875 0.6625 0.01796875 0.0328125
3 0.83125 0.83125 0.20078125 0.1015625