4 0.0859375 0.70390625 0.07578125 0.23359375
4 0.68828125 0.52890625 0.09140625 0.19765625
4 0.690625 0.53515625 0.0796875 0.2109375
5 0.7328125 0.7734375 0.04921875 0.20859375
4 0.24921875 0.7140625 0.05703125 0.225
4 0.3265625 0.2703125 0.03203125 0.13828125
4 0.23515625 0.52734375 0.040625 0.24140625
4 0.28125 0.3484375 0.034375 0.159375
5 0.49453125 0.2515625 0.03125 0.165625
4 0.3390625 0.61171875 0.03359375 0.21953125
4 0.646875 0.53203125 0.08046875 0.203125
2 0.190625 0.24921875 0.02890625 0.0609375
6 0.86640625 0.87421875 0.1703125 0.14921875
1 0.1328125 0.0390625 0.015625 0.078125
4 0.76015625 0.4984375 0.0890625 0.16328125
0 0.72734375 0.471875 0.015625 0.028125
3 0.86640625 0.87421875 0.1734375 0.1546875