6 0.84296875 0.8484375 0.1984375 0.0953125
4 0.4921875 0.8078125 0.0984375 0.30078125
5 0.4 0.86171875 0.07734375 0.2765625
4 0.41875 0.5453125 0.0671875 0.275
4 0.82578125 0.428125 0.0515625 0.23203125
1 0.01484375 0.078125 0.0296875 0.065625
4 0.34375 0.62734375 0.08125 0.24765625
5 0.21484375 0.38828125 0.04375 0.225
4 0.5390625 0.5 0.04609375 0.26640625
2 0.31328125 0.2765625 0.03671875 0.06796875
4 0.5 0.3234375 0.05078125 0.20625
5 0.928125 0.39765625 0.03203125 0.20078125
1 0.25234375 0.02578125 0.01875 0.05078125
4 0.4484375 0.36484375 0.0296875 0.21875
4 0.57109375 0.48515625 0.05078125 0.259375
4 0.54765625 0.459375 0.0765625 0.19453125
0 0.49765625 0.175 0.02265625 0.040625
4 0.41875 0.50625 0.04453125 0.265625
3 0.84375 0.84765625 0.20078125 0.09765625
3 0.9 0.08046875 0.1046875 0.07265625