6 0.84296875 0.84765625 0.19765625 0.09375
4 0.75078125 0.53125 0.090625 0.253125
4 0.271875 0.30703125 0.071875 0.22421875
4 0.4703125 0.76484375 0.115625 0.31171875
4 0.59453125 0.453125 0.06640625 0.196875
4 0.084375 0.35390625 0.0984375 0.2359375
4 0.0703125 0.609375 0.0765625 0.29609375
0 0.5359375 0.49375 0.02109375 0.0359375
4 0.40625 0.32578125 0.08125 0.17890625
4 0.01796875 0.6390625 0.0359375 0.32265625
4 0.1234375 0.321875 0.06015625 0.203125
3 0.84375 0.84609375 0.20078125 0.0984375
3 0.9 0.08046875 0.10625 0.0671875