4 0.453125 0.5890625 0.1078125 0.159375
5 0.02421875 0.3640625 0.0484375 0.23125
5 0.525 0.78515625 0.06953125 0.21640625
4 0.56640625 0.5234375 0.103125 0.26171875
4 0.43046875 0.403125 0.06953125 0.2171875
5 0.778125 0.35390625 0.0515625 0.20703125
4 0.275 0.46796875 0.071875 0.234375
4 0.3890625 0.60859375 0.0890625 0.21015625
1 0.9796875 0.03984375 0.040625 0.0640625
2 0.68203125 0.23515625 0.03671875 0.07109375
6 0.83046875 0.83046875 0.2 0.1015625
1 0.74453125 0.0109375 0.02265625 0.021875
4 0.56328125 0.38671875 0.04921875 0.215625
4 0.2796875 0.3203125 0.034375 0.165625
0 0.35625 0.57578125 0.01875 0.0328125
4 0.41796875 0.38671875 0.03125 0.17578125
4 0.60234375 0.428125 0.05859375 0.23203125
4 0.5546875 0.28515625 0.05 0.20625
3 0.83125 0.83203125 0.2 0.10078125