4 0.23515625 0.73203125 0.0484375 0.3171875
4 0.275 0.5359375 0.05078125 0.234375
4 0.18203125 0.50859375 0.0546875 0.26953125
4 0.434375 0.85625 0.0625 0.28203125
4 0.20546875 0.38125 0.04765625 0.25234375
2 0.0671875 0.38125 0.04375 0.090625
6 0.86640625 0.875 0.1734375 0.15078125
4 0.2421875 0.46328125 0.0453125 0.25234375
4 0.4546875 0.5734375 0.11640625 0.2796875
4 0.64609375 0.44765625 0.04296875 0.2078125
4 0.6875 0.3703125 0.04140625 0.23046875
5 0.27578125 0.96171875 0.0671875 0.0765625
4 0.52421875 0.5765625 0.12890625 0.27890625
0 0.69609375 0.33203125 0.0171875 0.0296875
5 0.86640625 0.39609375 0.04453125 0.22890625
3 0.865625 0.87421875 0.171875 0.15390625