4 0.6375 0.52734375 0.0796875 0.34921875
4 0.88515625 0.5421875 0.0671875 0.25234375
0 0.43515625 0.5171875 0.0484375 0.084375
6 0.83046875 0.8328125 0.19765625 0.096875
4 0.3921875 0.52734375 0.146875 0.59765625
4 0.953125 0.459375 0.09375 0.65
4 0.34140625 0.5421875 0.10546875 0.4140625
4 0.709375 0.54765625 0.07578125 0.16953125
4 0.75859375 0.53125 0.034375 0.13984375
2 0.69765625 0.44609375 0.01484375 0.02421875
1 0.69765625 0.346875 0.02109375 0.03359375
3 0.83125 0.83359375 0.20078125 0.10078125