4 0.3265625 0.42890625 0.06484375 0.16484375
6 0.26328125 0.93828125 0.4796875 0.06953125
4 0.940625 0.45390625 0.053125 0.20546875
4 0.575 0.6109375 0.0921875 0.190625
5 0.19765625 0.8984375 0.1109375 0.203125
4 0.04296875 0.85703125 0.0859375 0.2859375
4 0.6921875 0.775 0.12421875 0.24140625
4 0.946875 0.384375 0.06796875 0.15390625
5 0.571875 0.359375 0.05859375 0.17734375
4 0.66875 0.696875 0.0953125 0.2078125
4 0.99375 0.45859375 0.0125 0.2390625
0 0.321875 0.16171875 0.0171875 0.0328125
3 0.5 0.9390625 1 0.0703125