4 0.0296875 0.6625 0.05859375 0.253125
6 0.2625 0.93828125 0.47890625 0.06796875
4 0.25625 0.51015625 0.0453125 0.2015625
4 0.40859375 0.4828125 0.0578125 0.196875
5 0.29453125 0.728125 0.04921875 0.215625
4 0.3578125 0.36328125 0.03125 0.17734375
4 0.5796875 0.5078125 0.053125 0.2
5 0.20625 0.34453125 0.0375 0.159375
4 0.43984375 0.490625 0.040625 0.184375
2 0.2296875 0.271875 0.028125 0.05390625
1 0.1796875 0.06171875 0.0171875 0.078125
1 0.00546875 0.125 0.0109375 0.05234375
4 0.3671875 0.30703125 0.0359375 0.14765625
4 0.6015625 0.5171875 0.05234375 0.2078125
4 0.9015625 0.484375 0.04375 0.196875
4 0.8703125 0.47734375 0.0546875 0.2515625
0 0.88671875 0.35 0.015625 0.0265625
5 0.8765625 0.34375 0.03984375 0.15078125
3 0.5 0.93828125 1 0.06953125