3 0.8515625 0.88359375 0.2046875 0.109375
6 0.8515625 0.8828125 0.20390625 0.1078125
4 0.32890625 0.26015625 0.053125 0.1890625
4 0.7328125 0.71015625 0.08828125 0.21875
5 0.74609375 0.26796875 0.0515625 0.1921875
5 0.54296875 0.7296875 0.04140625 0.2109375
1 0.91328125 0.028125 0.0359375 0.05625
4 0.78203125 0.44375 0.06875 0.19296875
4 0.58359375 0.40390625 0.0546875 0.22421875
5 0.0984375 0.271875 0.0328125 0.18359375
2 0.659375 0.2 0.0296875 0.06015625
4 0.50234375 0.2046875 0.04375 0.17265625
4 0.71015625 0.434375 0.12890625 0.19140625
1 0.71484375 0.00859375 0.0203125 0.0171875
4 0.7265625 0.5890625 0.05546875 0.18125
0 0.78125 0.36875 0.0140625 0.0265625
4 0.61484375 0.4078125 0.05859375 0.18359375
4 0.60859375 0.34765625 0.046875 0.17109375
4 0.5328125 0.3359375 0.040625 0.20078125