4 0.81171875 0.6625 0.06875 0.3015625
6 0.84296875 0.8484375 0.1984375 0.09375
4 0.3078125 0.590625 0.07578125 0.29609375
4 0.0359375 0.68671875 0.071875 0.35
4 0.15078125 0.71015625 0.08828125 0.31875
4 0.49140625 0.53828125 0.04375 0.28515625
5 0.0296875 0.3703125 0.04609375 0.253125
2 0.71484375 0.27109375 0.04140625 0.07890625
4 0.56171875 0.7375 0.0609375 0.334375
4 0.609375 0.46328125 0.065625 0.2875
1 0.7859375 0.0109375 0.025 0.02109375
4 0.6515625 0.53203125 0.03828125 0.31328125
4 0.9265625 0.840625 0.0625 0.31796875
0 0.553125 0.075 0.021875 0.0375
4 0.61015625 0.834375 0.06640625 0.33125
5 0.60546875 0.875 0.06953125 0.25
5 0.64609375 0.3734375 0.05390625 0.2125
3 0.84296875 0.84765625 0.20078125 0.09765625
3 0.9 0.08046875 0.10546875 0.07109375