6 0.83046875 0.83125 0.1984375 0.09765625
4 0.3453125 0.690625 0.0953125 0.23828125
4 0.73515625 0.46015625 0.05 0.18671875
1 0.22421875 0.125 0.03359375 0.05390625
4 0.89140625 0.4328125 0.0421875 0.21171875
2 0.46640625 0.28671875 0.03046875 0.059375
4 0.56796875 0.4265625 0.04921875 0.18046875
5 0.746875 0.34296875 0.0359375 0.17421875
5 0.2234375 0.59140625 0.03515625 0.2125
4 0.53828125 0.44140625 0.03984375 0.15546875
4 0.49375 0.5296875 0.053125 0.21484375
1 0.415625 0.0578125 0.01640625 0.08359375
0 0.45 0.5171875 0.015625 0.0296875
5 0.81171875 0.803125 0.0453125 0.21796875
4 0.54296875 0.50625 0.0671875 0.09765625
4 0.49375 0.4875 0.0703125 0.13984375
4 0.30625 0.6140625 0.0578125 0.25625
3 0.83125 0.83125 0.2 0.1015625