4 0.1640625 0.55234375 0.05625 0.23125
4 0.26328125 0.703125 0.05625 0.24140625
4 0.48515625 0.47734375 0.059375 0.19375
5 0.20546875 0.8703125 0.05 0.246875
1 0.8015625 0.1203125 0.03046875 0.05546875
6 0.50703125 0.91953125 0.49765625 0.065625
2 0.58359375 0.28671875 0.0296875 0.059375
4 0.64140625 0.4734375 0.0375 0.28671875
5 0.84375 0.5703125 0.03046875 0.22734375
5 0.275 0.32265625 0.0328125 0.1609375
4 0.55390625 0.475 0.03671875 0.18671875
1 0.6328125 0.06640625 0.01953125 0.08984375
0 0.64609375 0.33359375 0.01796875 0.03203125
4 0.553125 0.584375 0.03828125 0.22109375
4 0.58515625 0.5375 0.0625 0.13515625
3 0.49921875 0.91953125 0.51484375 0.06875
3 0.91328125 0.08359375 0.0828125 0.09609375