4 0.83125 0.72421875 0.0578125 0.2609375
6 0.53359375 0.90703125 0.446875 0.05234375
5 0.5640625 0.81953125 0.05546875 0.26484375
4 0.48515625 0.73828125 0.096875 0.27734375
4 0.6265625 0.56328125 0.08125 0.21328125
4 0.51015625 0.3484375 0.03671875 0.16875
5 0.03984375 0.4140625 0.05078125 0.203125
5 0.684375 0.3890625 0.03203125 0.1734375
1 0.90859375 0.1125 0.03359375 0.06015625
4 0.57109375 0.5421875 0.04296875 0.23203125
2 0.65390625 0.28515625 0.03046875 0.06171875
1 0.7109375 0.0453125 0.01953125 0.08828125
4 0.4796875 0.553125 0.0765625 0.23359375
4 0.46328125 0.509375 0.04453125 0.23125
0 0.8125 0.68125 0.01640625 0.02890625
4 0.57109375 0.4515625 0.04375 0.1828125
4 0.49296875 0.671875 0.05703125 0.246875
4 0.5015625 0.5390625 0.08203125 0.20390625
3 0.50078125 0.928125 0.51484375 0.096875
3 0.8890625 0.06328125 0.1296875 0.07578125