4 0.95859375 0.67265625 0.071875 0.2515625
4 0.6296875 0.5671875 0.0546875 0.25546875
4 0.47421875 0.446875 0.06015625 0.24609375
4 0.39921875 0.61953125 0.04921875 0.2890625
5 0.27734375 0.3484375 0.046875 0.20859375
6 0.50703125 0.91953125 0.4953125 0.0640625
1 0.10625 0.0578125 0.0390625 0.0578125
4 0.95234375 0.47421875 0.04609375 0.25703125
2 0.36640625 0.24140625 0.0328125 0.06640625
5 0.9203125 0.315625 0.0328125 0.1921875
4 0.3953125 0.4375 0.075 0.1921875
1 0.30859375 0.01640625 0.0171875 0.0328125
0 0.3390625 0.15 0.01640625 0.0296875
4 0.17734375 0.73359375 0.08125 0.3125
4 0.21640625 0.6 0.05859375 0.20703125
4 0.15078125 0.7578125 0.0953125 0.27734375
5 0.39296875 0.77890625 0.05078125 0.2203125
4 0.440625 0.45625 0.07265625 0.15703125
3 0.4984375 0.91953125 0.51484375 0.06875
3 0.9140625 0.08359375 0.08515625 0.096875