6 0.8671875 0.8734375 0.17109375 0.15078125
4 0.325 0.33984375 0.040625 0.16484375
4 0.34140625 0.58515625 0.09921875 0.2140625
4 0.32734375 0.5390625 0.07578125 0.21875
4 0.7375 0.746875 0.08984375 0.296875
5 0.2859375 0.7328125 0.0484375 0.25625
4 0.5953125 0.65 0.05703125 0.2296875
4 0.8859375 0.53046875 0.06328125 0.17265625
4 0.79140625 0.525 0.05625 0.19375
4 0.55 0.34765625 0.0390625 0.18203125
4 0.51640625 0.403125 0.03671875 0.18984375
5 0.8390625 0.37109375 0.0359375 0.18046875
5 0.184375 0.34765625 0.04140625 0.1796875
2 0.21875 0.25078125 0.0328125 0.06328125
1 0.1609375 0.025 0.021875 0.05
0 0.88671875 0.5328125 0.0171875 0.0328125
4 0.34765625 0.3703125 0.034375 0.17421875
3 0.86796875 0.87421875 0.1734375 0.15625