4 0.55390625 0.7234375 0.06171875 0.25
4 0.471875 0.53984375 0.06015625 0.2359375
4 0.3828125 0.46171875 0.0515625 0.22734375
4 0.6203125 0.5890625 0.0578125 0.2328125
5 0.221875 0.828125 0.0453125 0.27265625
6 0.53359375 0.9078125 0.4484375 0.04921875
1 0.86796875 0.13984375 0.0359375 0.05625
5 0.28125 0.37578125 0.03984375 0.1859375
1 0.67734375 0.075 0.0203125 0.08828125
2 0.625 0.3078125 0.03125 0.059375
4 0.3375 0.4296875 0.05078125 0.17578125
5 0.85078125 0.57109375 0.04140625 0.2203125
4 0.1796875 0.43125 0.06796875 0.20078125
4 0.6671875 0.55390625 0.040625 0.2015625
4 0.215625 0.70234375 0.0609375 0.2546875
0 0.5046875 0.071875 0.01640625 0.028125
4 0.69375 0.56484375 0.05078125 0.22265625
4 0.33671875 0.38984375 0.03359375 0.17578125
3 0.5015625 0.93046875 0.515625 0.10078125