4 0.8625 0.4828125 0.04921875 0.2296875
4 0.5328125 0.63046875 0.1 0.225
4 0.665625 0.4875 0.0734375 0.2203125
6 0.84296875 0.84765625 0.1984375 0.09296875
4 0.43671875 0.34296875 0.06171875 0.15703125
5 0.40625 0.81796875 0.046875 0.21953125
4 0.39296875 0.54453125 0.0765625 0.21015625
5 0.15859375 0.39921875 0.0421875 0.2078125
4 0.21640625 0.765625 0.07890625 0.25625
1 0.21953125 0.0375 0.02109375 0.07421875
4 0.621875 0.659375 0.05546875 0.2890625
2 0.275 0.27734375 0.0359375 0.06171875
1 0.0078125 0.1 0.015625 0.06015625
4 0.25390625 0.665625 0.046875 0.2515625
0 0.61484375 0.521875 0.01875 0.03515625
5 0.890625 0.38671875 0.04296875 0.19375
4 0.4140625 0.4796875 0.0515625 0.1875
4 0.415625 0.503125 0.0359375 0.20859375
3 0.84296875 0.8484375 0.2 0.096875
3 0.90078125 0.08046875 0.1046875 0.0703125