4 0.0625 0.7671875 0.0875 0.27265625
6 0.86796875 0.87578125 0.17265625 0.146875
4 0.26328125 0.61953125 0.065625 0.22421875
4 0.44453125 0.65 0.07734375 0.21875
1 0.89921875 0.14609375 0.0359375 0.0578125
5 0.68046875 0.42421875 0.04140625 0.17109375
1 0.70078125 0.0703125 0.02421875 0.08828125
2 0.64296875 0.31484375 0.034375 0.065625
5 0.4234375 0.828125 0.08203125 0.2375
0 0.321875 0.4796875 0.01328125 0.02421875
4 0.3640625 0.4140625 0.06640625 0.14140625
4 0.43671875 0.6 0.08515625 0.221875
4 0.41015625 0.51640625 0.0734375 0.1578125
3 0.8671875 0.87421875 0.17421875 0.15546875