4 0.53046875 0.7703125 0.0890625 0.23203125
4 0.4359375 0.590625 0.0484375 0.21875
4 0.5890625 0.66953125 0.05234375 0.25078125
4 0.16484375 0.3890625 0.0390625 0.2046875
4 0.50078125 0.39609375 0.05546875 0.17421875
4 0.2984375 0.3703125 0.03125 0.240625
6 0.50703125 0.91953125 0.49609375 0.06640625
1 0.86171875 0.1421875 0.0390625 0.0609375
5 0.6375 0.3734375 0.0328125 0.16640625
4 0.6390625 0.6140625 0.0546875 0.26796875
2 0.61328125 0.33046875 0.0328125 0.0671875
4 0.49921875 0.49375 0.03671875 0.19296875
1 0.67109375 0.0796875 0.02109375 0.1
4 0.6109375 0.5890625 0.0734375 0.23046875
5 0.4515625 0.890625 0.05703125 0.2125
0 0.5703125 0.20625 0.0171875 0.03125
3 0.49921875 0.9203125 0.51484375 0.06796875
3 0.91328125 0.084375 0.08046875 0.09921875