4 0.06328125 0.56015625 0.06796875 0.3234375
1 0.9453125 0.021875 0.04609375 0.04375
5 0.59296875 0.5375 0.06015625 0.28515625
4 0.3703125 0.5171875 0.05546875 0.3203125
4 0.52265625 0.66796875 0.09296875 0.340625
2 0.60390625 0.2578125 0.04609375 0.08359375
4 0.753125 0.590625 0.071875 0.34296875
6 0.13671875 0.9390625 0.22890625 0.06640625
4 0.521875 0.5984375 0.06328125 0.3234375
4 0.21171875 0.615625 0.11171875 0.33984375
4 0.1609375 0.55546875 0.05234375 0.3015625
4 0.12265625 0.68984375 0.08125 0.33671875
4 0.1484375 0.75703125 0.0625 0.34296875
5 0.5390625 0.92734375 0.0625 0.1453125
0 0.76953125 0.5140625 0.01953125 0.03671875
3 0.5 0.9390625 1 0.0703125
3 0.5 0.915625 0.496875 0.096875