4 0.6640625 0.63984375 0.06796875 0.28203125
4 0.46328125 0.5328125 0.0796875 0.24296875
4 0.51328125 0.4921875 0.0484375 0.2390625
4 0.328125 0.68984375 0.071875 0.3484375
4 0.271875 0.6921875 0.10703125 0.3078125
6 0.2625 0.93828125 0.48046875 0.06875
2 0.2875 0.35234375 0.04140625 0.07109375
4 0.61640625 0.4359375 0.0421875 0.25390625
5 0.24765625 0.4421875 0.0515625 0.2234375
5 0.98828125 0.46328125 0.0234375 0.2453125
4 0.33828125 0.484375 0.10625 0.2015625
4 0.30234375 0.47734375 0.06015625 0.19140625
4 0.65390625 0.41875 0.0484375 0.26796875
1 0.21875 0.053125 0.0265625 0.10546875
0 0.3921875 0.09609375 0.02109375 0.03515625
3 0.5 0.93828125 1 0.06875