4 0.30078125 0.52890625 0.10546875 0.3265625
4 0.19296875 0.725 0.09765625 0.32109375
4 0.86171875 0.4984375 0.09921875 0.3421875
5 0.66484375 0.3390625 0.0859375 0.23515625
4 0.67109375 0.78125 0.14453125 0.28984375
4 0.471875 0.5859375 0.11171875 0.2546875
4 0.5671875 0.43984375 0.078125 0.23515625
6 0.26171875 0.93828125 0.4796875 0.06875
2 0.665625 0.2296875 0.0421875 0.07421875
5 0.3328125 0.9140625 0.0578125 0.171875
4 0.50703125 0.54296875 0.05859375 0.26484375
0 0.5171875 0.46171875 0.01953125 0.03984375
3 0.5 0.93828125 1 0.06953125