6 0.53359375 0.90625 0.446875 0.05234375
4 0.27109375 0.5078125 0.0578125 0.18125
4 0.9203125 0.63359375 0.06171875 0.2625
4 0.4015625 0.56953125 0.07421875 0.2140625
5 0.56640625 0.78984375 0.04921875 0.25
5 0.05390625 0.40546875 0.040625 0.18125
4 0.13515625 0.45 0.034375 0.17578125
2 0.675 0.2765625 0.03046875 0.053125
4 0.5171875 0.35234375 0.06328125 0.15234375
1 0.73046875 0.0453125 0.01875 0.0875
1 0.92578125 0.1140625 0.03359375 0.05390625
4 0.79375 0.72578125 0.07578125 0.2515625
4 0.7328125 0.675 0.06953125 0.2171875
4 0.75625 0.56015625 0.04453125 0.22265625
5 0.69375 0.38125 0.03515625 0.18125
4 0.52734375 0.453125 0.0390625 0.165625
4 0.36015625 0.578125 0.1 0.18515625
0 0.3390625 0.6 0.01484375 0.02578125
3 0.49921875 0.92890625 0.51328125 0.096875
3 0.8890625 0.06328125 0.1296875 0.07421875