4 0.80234375 0.58359375 0.08359375 0.30859375
6 0.2625 0.93984375 0.478125 0.06875
4 0.7078125 0.7421875 0.1484375 0.24453125
4 0.584375 0.4859375 0.09609375 0.2953125
4 0.57421875 0.4890625 0.08125 0.31171875
4 0.2375 0.740625 0.0796875 0.3125
4 0.33046875 0.534375 0.0640625 0.3203125
5 0.70078125 0.384375 0.04765625 0.2421875
2 0.27734375 0.309375 0.04453125 0.0828125
4 0.028125 0.865625 0.05625 0.26796875
0 0.59921875 0.4 0.025 0.04375
1 0.2 0.01796875 0.02734375 0.0359375
4 0.64140625 0.9046875 0.07421875 0.18984375
4 0.34140625 0.41484375 0.0625 0.24375
5 0.81171875 0.94375 0.0625 0.11171875
3 0.5 0.93828125 1 0.06953125