6 0.534375 0.90703125 0.44765625 0.05078125
4 0.240625 0.62109375 0.0578125 0.284375
4 0.178125 0.55859375 0.1015625 0.53125
2 0.2015625 0.2640625 0.05234375 0.09375
4 0.32890625 0.575 0.096875 0.50859375
4 0.5640625 0.571875 0.103125 0.52421875
4 0.91484375 0.63203125 0.04453125 0.2828125
4 0.978125 0.61171875 0.04296875 0.39453125
4 0.7734375 0.64765625 0.034375 0.203125
4 0.6390625 0.6171875 0.0546875 0.3359375
5 0.36875 0.615625 0.075 0.35390625
0 0.38828125 0.55 0.02578125 0.04765625
5 0.73671875 0.65078125 0.03828125 0.1890625
4 0.95859375 0.634375 0.0453125 0.2734375
4 0.35 0.628125 0.04765625 0.29140625
3 0.5015625 0.92890625 0.51484375 0.096875
3 0.88984375 0.0640625 0.1296875 0.0765625