4 0.60078125 0.76015625 0.10234375 0.23203125
6 0.86640625 0.8765625 0.17109375 0.146875
4 0.74921875 0.525 0.0546875 0.21015625
4 0.6703125 0.4125 0.05390625 0.16640625
4 0.4171875 0.55078125 0.03671875 0.2125
4 0.5515625 0.5765625 0.04765625 0.2421875
1 0.24453125 0.13203125 0.02734375 0.0515625
4 0.61484375 0.42421875 0.07265625 0.15078125
5 0.46796875 0.35 0.028125 0.1578125
1 0.41171875 0.0765625 0.02265625 0.08671875
4 0.52421875 0.4734375 0.040625 0.19375
2 0.45625 0.2921875 0.0296875 0.0546875
5 0.40078125 0.796875 0.08671875 0.23828125
4 0.39140625 0.69765625 0.0609375 0.2484375
0 0.48125 0.2140625 0.01328125 0.025
3 0.86640625 0.859375 0.175 0.18515625