4 0.853125 0.4171875 0.06171875 0.21171875
4 0.42734375 0.50546875 0.08828125 0.19375
4 0.59375 0.50390625 0.07265625 0.22109375
4 0.77890625 0.38515625 0.046875 0.18984375
6 0.83125 0.8328125 0.19765625 0.096875
5 0.121875 0.590625 0.053125 0.2078125
4 0.48046875 0.47265625 0.03984375 0.19375
2 0.40859375 0.253125 0.02890625 0.05859375
1 0.359375 0.03671875 0.01953125 0.07265625
4 0.96953125 0.38125 0.0609375 0.20625
1 0.17578125 0.08671875 0.03046875 0.05078125
4 0.528125 0.28203125 0.02734375 0.1765625
4 0.19453125 0.53359375 0.0546875 0.16171875
5 0.80078125 0.3140625 0.0328125 0.17578125
4 0.490625 0.36015625 0.03671875 0.1703125
0 0.0671875 0.5625 0.01640625 0.02578125
3 0.83125 0.83359375 0.2 0.09921875