4 0.7453125 0.60546875 0.08515625 0.1984375
4 0.8796875 0.67421875 0.09765625 0.21171875
4 0.24453125 0.54140625 0.06015625 0.16640625
4 0.4796875 0.41328125 0.0703125 0.2015625
4 0.5421875 0.2328125 0.0484375 0.16953125
5 0.65 0.7359375 0.0546875 0.2
6 0.26171875 0.9390625 0.478125 0.06875
5 0.02421875 0.28984375 0.0484375 0.16484375
4 0.60234375 0.296875 0.05234375 0.1671875
4 0.10859375 0.52578125 0.0453125 0.21015625
5 0.8 0.2796875 0.04140625 0.17265625
4 0.375 0.61171875 0.0390625 0.2171875
2 0.778125 0.20390625 0.03046875 0.05546875
1 0.8328125 0.01171875 0.021875 0.0234375
0 0.09609375 0.5546875 0.01796875 0.03046875
4 0.51640625 0.58828125 0.0796875 0.1828125
4 0.48828125 0.36796875 0.07109375 0.20234375
3 0.5 0.93828125 1 0.0703125