6 0.8453125 0.8484375 0.19765625 0.0953125
5 0.1046875 0.75859375 0.06015625 0.24921875
4 0.57109375 0.4375 0.06875 0.21640625
4 0.3921875 0.5234375 0.0546875 0.23984375
4 0.6859375 0.4078125 0.06015625 0.19609375
4 0.11328125 0.3375 0.05 0.19765625
4 0.08203125 0.2703125 0.04609375 0.2078125
4 0.44140625 0.44609375 0.0421875 0.2171875
4 0.47578125 0.55703125 0.0546875 0.25625
5 0.88515625 0.32421875 0.02734375 0.165625
4 0.8390625 0.38828125 0.05078125 0.19609375
0 0.85 0.40546875 0.015625 0.0265625
3 0.55703125 0.846875 0.77109375 0.09453125
3 0.89921875 0.08046875 0.10859375 0.07265625