6 0.2625 0.9390625 0.47890625 0.06796875
4 0.4171875 0.58046875 0.05859375 0.296875
4 0.32578125 0.57578125 0.04609375 0.21875
0 0.434375 0.5640625 0.02109375 0.0390625
4 0.88828125 0.56015625 0.0953125 0.4875
4 0.5875 0.58984375 0.03984375 0.2234375
2 0.61171875 0.03203125 0.0578125 0.06328125
4 0.65234375 0.58671875 0.0421875 0.22109375
4 0.79921875 0.565625 0.07109375 0.42109375
4 0.1375 0.51015625 0.08984375 0.7546875
1 0.24140625 0.390625 0.02265625 0.0390625
4 0.378125 0.5765625 0.034375 0.21953125
2 0.24140625 0.490625 0.0140625 0.0265625
5 0.98828125 0.575 0.02265625 0.48515625
5 0.76328125 0.59765625 0.03671875 0.1859375
4 0.13984375 0.5328125 0.0796875 0.5890625
4 0.1359375 0.534375 0.0421875 0.5171875
3 0.5 0.93984375 1 0.06796875