4 0.35703125 0.553125 0.08671875 0.2046875
4 0.2765625 0.5296875 0.06015625 0.234375
6 0.83125 0.8328125 0.19765625 0.09765625
4 0.22109375 0.7359375 0.096875 0.28359375
4 0.8203125 0.640625 0.0984375 0.2234375
4 0.6671875 0.675 0.05625 0.25546875
5 0.39375 0.81171875 0.05234375 0.246875
4 0.3890625 0.3953125 0.040625 0.146875
4 0.453125 0.5078125 0.071875 0.22734375
5 0.63515625 0.39375 0.0390625 0.18984375
1 0.81015625 0.121875 0.0359375 0.0546875
4 0.51328125 0.46640625 0.05 0.2078125
5 0.0171875 0.39609375 0.034375 0.18125
2 0.55234375 0.2953125 0.03359375 0.0609375
1 0.60625 0.05546875 0.01796875 0.090625
0 0.565625 0.17421875 0.01875 0.034375
4 0.48515625 0.5328125 0.06796875 0.2078125
3 0.83125 0.83203125 0.2 0.09921875