4 0.2421875 0.4921875 0.07890625 0.196875
4 0.3515625 0.48828125 0.0625 0.21015625
4 0.475 0.4484375 0.05390625 0.18359375
4 0.7609375 0.696875 0.06484375 0.20859375
1 0.8875 0.1421875 0.03515625 0.05390625
4 0.54921875 0.61875 0.053125 0.23671875
4 0.63046875 0.55546875 0.0453125 0.23125
4 0.4109375 0.409375 0.03671875 0.178125
2 0.64375 0.30078125 0.0296875 0.0578125
1 0.69921875 0.075 0.0171875 0.0859375
4 0.28359375 0.4078125 0.0390625 0.1359375
5 0.05625 0.37578125 0.03203125 0.196875
5 0.67109375 0.38671875 0.02734375 0.1578125
4 0.53046875 0.69296875 0.05078125 0.2078125
4 0.35703125 0.42421875 0.05390625 0.16015625
0 0.2125 0.52265625 0.01328125 0.02578125
6 0.84375 0.84765625 0.19921875 0.0921875
5 0.5015625 0.7875 0.04609375 0.22578125
3 0.5578125 0.8484375 0.771875 0.09765625
3 0.9 0.08046875 0.10859375 0.0703125