4 0.04375 0.6265625 0.0859375 0.2484375
4 0.1859375 0.46484375 0.0796875 0.23359375
4 0.4453125 0.5453125 0.06484375 0.23046875
4 0.63984375 0.36171875 0.07578125 0.146875
4 0.59921875 0.56953125 0.06484375 0.24140625
4 0.4859375 0.34921875 0.053125 0.178125
5 0.1984375 0.79921875 0.0515625 0.26328125
2 0.1109375 0.23515625 0.0328125 0.06328125
5 0.0875 0.31328125 0.040625 0.184375
4 0.5984375 0.32578125 0.05234375 0.15390625
5 0.92890625 0.30546875 0.0390625 0.18671875
4 0.69765625 0.39375 0.04609375 0.1640625
1 0.0484375 0.01796875 0.01875 0.03515625
6 0.88203125 0.91953125 0.17109375 0.096875
0 0.60625 0.31875 0.0140625 0.02578125
3 0.88203125 0.91875 0.17421875 0.09921875