6 0.86640625 0.87578125 0.17109375 0.1453125
4 0.58359375 0.6 0.03203125 0.146875
4 0.49453125 0.5109375 0.02890625 0.11796875
4 0.55625 0.575 0.0296875 0.1484375
1 0.50078125 0.2640625 0.021875 0.03828125
4 0.41875 0.565625 0.02265625 0.134375
5 0.25078125 0.509375 0.021875 0.11484375
4 0.53203125 0.59296875 0.028125 0.1515625
4 0.39296875 0.53125 0.03046875 0.1234375
4 0.57578125 0.48125 0.02265625 0.078125
4 0.57734375 0.47890625 0.01640625 0.10390625
2 0.49921875 0.36953125 0.0140625 0.028125
5 0.740625 0.5609375 0.0203125 0.12421875
4 0.42421875 0.46484375 0.02421875 0.08984375
4 0.4203125 0.47578125 0.01640625 0.10078125
4 0.5703125 0.45859375 0.015625 0.1015625
5 0.50625 0.46640625 0.02109375 0.09140625
0 0.5046875 0.46015625 0.0078125 0.015625
4 0.76875 0.540625 0.025 0.121875
3 0.8671875 0.875 0.17109375 0.1546875
3 0.33515625 0.8109375 0.56875 0.16953125