4 0.07578125 0.68515625 0.1265625 0.2640625
6 0.84296875 0.8484375 0.19765625 0.09375
4 0.2796875 0.54921875 0.05703125 0.225
4 0.65625 0.45 0.0734375 0.21015625
4 0.4484375 0.4375 0.06015625 0.234375
4 0.625 0.609375 0.059375 0.26796875
4 0.821875 0.7328125 0.0671875 0.2734375
4 0.58984375 0.3546875 0.08671875 0.221875
2 0.09609375 0.20234375 0.03671875 0.065625
5 0.4546875 0.2921875 0.0328125 0.146875
5 0.74609375 0.80625 0.06328125 0.27265625
4 0.6453125 0.50625 0.078125 0.1703125
0 0.61328125 0.5171875 0.021875 0.0390625
3 0.84296875 0.8484375 0.2015625 0.09765625
3 0.89921875 0.08125 0.10703125 0.06875