4 0.215625 0.6328125 0.08046875 0.2734375
6 0.2625 0.9390625 0.47890625 0.07109375
4 0.8734375 0.534375 0.08359375 0.2625
5 0.70546875 0.403125 0.04140625 0.23359375
4 0.4609375 0.6984375 0.06640625 0.25859375
2 0.28984375 0.3328125 0.040625 0.07265625
4 0.27265625 0.725 0.0703125 0.2953125
4 0.34375 0.64453125 0.1125 0.27109375
4 0.37109375 0.6296875 0.0734375 0.253125
1 0.22265625 0.04609375 0.0234375 0.0921875
4 0.87265625 0.834375 0.0671875 0.26796875
4 0.975 0.4859375 0.05 0.26171875
5 0.8015625 0.90390625 0.059375 0.1921875
0 0.378125 0.17109375 0.021875 0.0390625
4 0.3375 0.76875 0.06796875 0.29140625
4 0.31953125 0.5484375 0.05234375 0.25234375
3 0.5 0.9390625 1 0.06953125