4 0.63671875 0.553125 0.05625 0.2421875
6 0.2625 0.93984375 0.47890625 0.06796875
4 0.2296875 0.3453125 0.053125 0.20859375
4 0.39453125 0.49375 0.05234375 0.24296875
1 0.8984375 0.0609375 0.03359375 0.05859375
4 0.2953125 0.49921875 0.04140625 0.2171875
4 0.73671875 0.684375 0.075 0.24140625
5 0.01953125 0.37109375 0.0390625 0.190625
5 0.63828125 0.77421875 0.0453125 0.2390625
4 0.6765625 0.44921875 0.0625 0.2328125
5 0.68359375 0.303125 0.03515625 0.16640625
4 0.61796875 0.3921875 0.0359375 0.21015625
1 0.71328125 0.0203125 0.02265625 0.040625
4 0.3875 0.36875 0.03515625 0.1984375
4 0.584375 0.43671875 0.0546875 0.21328125
4 0.57578125 0.409375 0.03359375 0.21875
2 0.65859375 0.23046875 0.0296875 0.05703125
0 0.61796875 0.4046875 0.0140625 0.02421875
3 0.5 0.93828125 1 0.06875