5 0.5671875 0.77578125 0.05859375 0.21328125
4 0.50859375 0.5953125 0.05859375 0.21171875
4 0.2296875 0.57890625 0.05859375 0.21796875
4 0.584375 0.42421875 0.0515625 0.1859375
4 0.31328125 0.54375 0.053125 0.2125
6 0.83125 0.83359375 0.19765625 0.09765625
4 0.27578125 0.4328125 0.03359375 0.18828125
4 0.8875 0.60078125 0.04609375 0.21875
4 0.33671875 0.45546875 0.0515625 0.21484375
2 0.2078125 0.24140625 0.028125 0.05
5 0.171875 0.32578125 0.03828125 0.14921875
1 0.1546875 0.0375 0.0203125 0.07421875
0 0.53046875 0.34921875 0.01328125 0.0234375
4 0.5921875 0.32890625 0.03671875 0.1125
3 0.83125 0.8328125 0.19921875 0.0984375