2 0.4734375 0.21015625 0.0859375 0.15625
1 0.9265625 0.55078125 0.02265625 0.04453125
6 0.2625 0.93828125 0.47890625 0.0703125
4 0.25 0.79609375 0.0671875 0.40703125
5 0.75859375 0.70859375 0.159375 0.5828125
2 0.93046875 0.6578125 0.015625 0.0296875
4 0.9859375 0.6375 0.028125 0.38359375
4 0.6375 0.79453125 0.05 0.27890625
0 0.46484375 0.24921875 0.04765625 0.084375
4 0.3265625 0.80546875 0.090625 0.3890625
4 0.40078125 0.815625 0.05859375 0.23203125
5 0.35625 0.81875 0.03515625 0.21640625
4 0.98203125 0.71796875 0.0359375 0.221875
4 0.9921875 0.67734375 0.01484375 0.6453125
3 0.5 0.9390625 1 0.0703125