4 0.45859375 0.54921875 0.0953125 0.29921875
4 0.96484375 0.346875 0.0703125 0.26015625
5 0.88203125 0.28359375 0.05234375 0.2375
4 0.93984375 0.578125 0.0625 0.30234375
6 0.2625 0.93984375 0.4796875 0.06796875
4 0.325 0.528125 0.1015625 0.303125
4 0.15859375 0.578125 0.06640625 0.29296875
2 0.265625 0.20859375 0.04765625 0.07890625
4 0.259375 0.46640625 0.0984375 0.3046875
4 0.4796875 0.421875 0.096875 0.25859375
0 0.51796875 0.33671875 0.01796875 0.0328125
4 0.26953125 0.515625 0.0609375 0.3015625
5 0.78359375 0.91953125 0.09140625 0.16015625
3 0.5 0.93828125 1 0.071875