6 0.2625 0.9390625 0.4796875 0.06796875
4 0.06875 0.52578125 0.0625 0.25234375
1 0.925 0.0703125 0.04296875 0.065625
4 0.11640625 0.69765625 0.0609375 0.29609375
4 0.47890625 0.56875 0.0546875 0.26875
4 0.65625 0.61171875 0.046875 0.28125
4 0.54765625 0.43125 0.0546875 0.24140625
4 0.58046875 0.62109375 0.03828125 0.29375
2 0.615625 0.27578125 0.0375 0.0734375
4 0.44453125 0.45078125 0.059375 0.24296875
1 0.67890625 0.02265625 0.0234375 0.0453125
4 0.28515625 0.56015625 0.05703125 0.28671875
5 0.00859375 0.38515625 0.0171875 0.209375
5 0.6 0.5234375 0.034375 0.2453125
5 0.26171875 0.80625 0.0609375 0.18671875
0 0.58984375 0.484375 0.01796875 0.0328125
3 0.5 0.93828125 1 0.06875