4 0.39453125 0.58828125 0.125 0.2453125
6 0.83046875 0.83125 0.1984375 0.09609375
4 0.7453125 0.5921875 0.05078125 0.2453125
5 0.65703125 0.7328125 0.05546875 0.2109375
4 0.125 0.44921875 0.08515625 0.2234375
4 0.4296875 0.32109375 0.05 0.1921875
4 0.9046875 0.66328125 0.04453125 0.23515625
4 0.271875 0.5046875 0.04375 0.22109375
4 0.49140625 0.384375 0.03828125 0.2015625
4 0.290625 0.63828125 0.0625 0.26953125
4 0.63359375 0.371875 0.03984375 0.228125
2 0.71640625 0.2390625 0.03359375 0.06484375
1 0.9875 0.05859375 0.025 0.06015625
5 0.11484375 0.33984375 0.03828125 0.1890625
5 0.81015625 0.39375 0.046875 0.18359375
1 0.77578125 0.0203125 0.0171875 0.040625
4 0.615625 0.30078125 0.03359375 0.19609375
0 0.259375 0.5984375 0.0203125 0.0359375
3 0.83125 0.83203125 0.20078125 0.1015625