4 0.42890625 0.48671875 0.11015625 0.23359375
6 0.84296875 0.84765625 0.1984375 0.09296875
4 0.6921875 0.7109375 0.0640625 0.27265625
4 0.17109375 0.3953125 0.04296875 0.23125
4 0.5734375 0.5296875 0.05078125 0.246875
4 0.39921875 0.259375 0.05390625 0.175
1 0.81953125 0.04921875 0.03671875 0.0578125
5 0.8359375 0.534375 0.04296875 0.23671875
5 0.12890625 0.821875 0.046875 0.25390625
2 0.56015625 0.22421875 0.03359375 0.05859375
1 0.615625 0.01484375 0.01953125 0.0296875
4 0.21640625 0.2859375 0.0578125 0.17421875
4 0.5296875 0.4109375 0.059375 0.2875
4 0.53984375 0.37890625 0.09453125 0.15078125
0 0.55703125 0.11953125 0.01640625 0.02890625
5 0.221875 0.253125 0.0390625 0.1984375
4 0.4546875 0.36171875 0.0578125 0.2078125
4 0.53671875 0.32890625 0.05390625 0.21796875
3 0.84375 0.8484375 0.2 0.096875
3 0.9 0.08046875 0.10546875 0.0703125