4 0.628125 0.63046875 0.06953125 0.215625
6 0.8703125 0.9203125 0.1953125 0.09765625
4 0.30390625 0.63125 0.07734375 0.21640625
5 0.47421875 0.77265625 0.0734375 0.24921875
4 0.22109375 0.70390625 0.05546875 0.26484375
4 0.38984375 0.4703125 0.1078125 0.209375
4 0.603125 0.48046875 0.053125 0.2109375
4 0.675 0.36015625 0.04609375 0.20703125
5 0.2546875 0.3171875 0.03671875 0.171875
4 0.43828125 0.43359375 0.06328125 0.25
4 0.78515625 0.45859375 0.046875 0.221875
2 0.2609375 0.22734375 0.0296875 0.06484375
1 0.20546875 0.0171875 0.01796875 0.034375
1 0.00625 0.05546875 0.0125 0.0578125
5 0.98984375 0.3515625 0.0203125 0.18828125
4 0.72265625 0.63203125 0.0640625 0.2890625
0 0.7296875 0.503125 0.01953125 0.03359375
4 0.784375 0.3015625 0.05859375 0.1625
3 0.8703125 0.91953125 0.196875 0.10078125