6 0.84296875 0.84921875 0.19921875 0.096875
4 0.2421875 0.46171875 0.09453125 0.1640625
4 0.6890625 0.65078125 0.04765625 0.23125
5 0.24140625 0.81875 0.05 0.25390625
4 0.921875 0.5640625 0.0546875 0.2578125
4 0.403125 0.49921875 0.07421875 0.24453125
4 0.321875 0.51328125 0.065625 0.24765625
4 0.78515625 0.5078125 0.0359375 0.234375
4 0.55234375 0.4140625 0.0359375 0.19921875
1 0.821875 0.03203125 0.0203125 0.0640625
2 0.76015625 0.26875 0.0328125 0.06484375
5 0.3640625 0.31953125 0.0375 0.190625
4 0.2875 0.4578125 0.08359375 0.15390625
4 0.79609375 0.7734375 0.06640625 0.24765625
4 0.38671875 0.35 0.05 0.19765625
0 0.30234375 0.5125 0.01875 0.03125
3 0.84375 0.8484375 0.20078125 0.096875
3 0.9 0.08046875 0.1046875 0.07265625