4 0.24921875 0.62109375 0.1140625 0.26953125
4 0.634375 0.49296875 0.06953125 0.27109375
5 0.5359375 0.8234375 0.06484375 0.2484375
6 0.86640625 0.87421875 0.16953125 0.15234375
4 0.43125 0.32421875 0.05625 0.19140625
4 0.5078125 0.37890625 0.05546875 0.22265625
4 0.29609375 0.4609375 0.0515625 0.2484375
4 0.053125 0.4609375 0.05078125 0.2484375
5 0.67890625 0.33203125 0.046875 0.19296875
4 0.7109375 0.50390625 0.059375 0.2921875
2 0.61015625 0.23515625 0.0375 0.0765625
4 0.70390625 0.8 0.07109375 0.284375
4 0.66171875 0.63671875 0.128125 0.3109375
3 0.91640625 0.0578125 0.078125 0.05078125
1 0.9203125 0.025 0.040625 0.05
0 0.68515625 0.76875 0.01953125 0.03515625
3 0.8671875 0.8765625 0.17265625 0.15390625