4 0.309375 0.58515625 0.0921875 0.21640625
4 0.6578125 0.53125 0.06953125 0.24375
4 0.590625 0.40625 0.0421875 0.21796875
4 0.40703125 0.43125 0.053125 0.20546875
4 0.35703125 0.28828125 0.065625 0.16953125
4 0.28828125 0.43046875 0.05546875 0.196875
5 0.66640625 0.23984375 0.0484375 0.1578125
5 0.3296875 0.78984375 0.0703125 0.24296875
6 0.2625 0.93828125 0.47890625 0.06875
4 0.23984375 0.3828125 0.06640625 0.178125
2 0.796875 0.18671875 0.03203125 0.0578125
4 0.14765625 0.5671875 0.0671875 0.246875
0 0.340625 0.2203125 0.01484375 0.0265625
3 0.5 0.9390625 1 0.0703125