4 0.64609375 0.47109375 0.0671875 0.2328125
6 0.2625 0.93984375 0.4796875 0.065625
4 0.35 0.5234375 0.0609375 0.2390625
4 0.53984375 0.66328125 0.05 0.22734375
4 0.5078125 0.41640625 0.065625 0.1984375
5 0.85390625 0.496875 0.05234375 0.221875
4 0.22578125 0.346875 0.04453125 0.18515625
4 0.1 0.46640625 0.04453125 0.234375
1 0.903125 0.0515625 0.03671875 0.065625
5 0.6234375 0.784375 0.046875 0.2
4 0.77109375 0.65859375 0.0640625 0.23671875
4 0.59765625 0.63125 0.0578125 0.19765625
5 0.16640625 0.32421875 0.0484375 0.18359375
2 0.6515625 0.234375 0.03359375 0.059375
1 0.7078125 0.01640625 0.0234375 0.03203125
4 0.5671875 0.32734375 0.05390625 0.18515625
4 0.7328125 0.6125 0.08359375 0.2046875
0 0.76640625 0.67890625 0.02109375 0.0375
3 0.5 0.9390625 1 0.06875