4 0.2953125 0.7109375 0.0609375 0.25859375
5 0.3921875 0.74921875 0.0484375 0.23515625
4 0.27734375 0.53671875 0.040625 0.21796875
5 0.79921875 0.296875 0.04296875 0.17265625
4 0.70703125 0.52109375 0.040625 0.21953125
6 0.2625 0.93828125 0.47890625 0.06796875
1 0.0109375 0.04140625 0.021875 0.0578125
4 0.75078125 0.5984375 0.04296875 0.234375
4 0.33359375 0.32890625 0.03828125 0.19921875
4 0.6 0.309375 0.0921875 0.159375
4 0.2828125 0.32109375 0.0359375 0.178125
2 0.265625 0.21171875 0.0296875 0.0578125
1 0.209375 0.0140625 0.021875 0.028125
4 0.63515625 0.29375 0.034375 0.1546875
5 0.25859375 0.26015625 0.02578125 0.16171875
4 0.715625 0.459375 0.04765625 0.22578125
4 0.5890625 0.42109375 0.03828125 0.22265625
0 0.646875 0.26484375 0.0125 0.025
3 0.5 0.9390625 0.99921875 0.0703125