4 0.3671875 0.58515625 0.08984375 0.25234375
4 0.8546875 0.5859375 0.04921875 0.2296875
4 0.41796875 0.4796875 0.06171875 0.25234375
4 0.2140625 0.39296875 0.0453125 0.2078125
5 0.8484375 0.31953125 0.04140625 0.1859375
4 0.62890625 0.30546875 0.04296875 0.19296875
4 0.6765625 0.43828125 0.040625 0.23046875
5 0.23984375 0.2765625 0.04375 0.178125
6 0.2625 0.93046875 0.4796875 0.06875
2 0.81953125 0.20078125 0.0328125 0.06640625
5 0.7046875 0.7625 0.06015625 0.26796875
4 0.778125 0.50625 0.09375 0.2359375
4 0.3390625 0.40234375 0.046875 0.17890625
0 0.21171875 0.275 0.015625 0.028125
4 0.63203125 0.2609375 0.05390625 0.14375
3 0.5 0.93046875 1 0.06640625