4 0.5046875 0.33671875 0.0375 0.19453125
4 0.296875 0.52265625 0.06796875 0.209375
4 0.21640625 0.40859375 0.04609375 0.20390625
4 0.628125 0.5359375 0.06484375 0.2515625
4 0.46953125 0.50234375 0.04765625 0.22265625
4 0.56640625 0.45703125 0.04609375 0.2234375
4 0.5609375 0.634375 0.04296875 0.25
5 0.6 0.871875 0.053125 0.25625
1 0.92890625 0.11875 0.0375 0.0609375
5 0.6875 0.39296875 0.03671875 0.18984375
5 0.02265625 0.415625 0.0453125 0.21171875
4 0.39296875 0.446875 0.053125 0.21328125
2 0.665625 0.29921875 0.034375 0.065625
1 0.72265625 0.05234375 0.021875 0.090625
6 0.8703125 0.9203125 0.19375 0.09609375
4 0.8375 0.7609375 0.05703125 0.25859375
0 0.6515625 0.2125 0.01953125 0.034375
4 0.6328125 0.52734375 0.06484375 0.21796875
3 0.87109375 0.91953125 0.19609375 0.1