6 0.86640625 0.8765625 0.1703125 0.146875
4 0.43828125 0.58671875 0.0421875 0.240625
5 0.57578125 0.89140625 0.0515625 0.2171875
4 0.27265625 0.46015625 0.05078125 0.2328125
1 0.80546875 0.1671875 0.03046875 0.05078125
5 0.55703125 0.3984375 0.03203125 0.16640625
4 0.60234375 0.6140625 0.07421875 0.228125
4 0.46796875 0.50625 0.046875 0.1921875
1 0.61171875 0.10703125 0.0203125 0.0953125
4 0.18671875 0.425 0.04921875 0.2171875
4 0.5609375 0.64140625 0.09921875 0.2328125
4 0.5390625 0.63515625 0.05546875 0.25234375
2 0.5609375 0.33671875 0.03515625 0.040625
0 0.5734375 0.3609375 0.01484375 0.0265625
4 0.5515625 0.5890625 0.065625 0.19765625
4 0.334375 0.4578125 0.06640625 0.18828125
5 0.19609375 0.39765625 0.0421875 0.2
3 0.86640625 0.859375 0.1734375 0.18671875