4 0.34453125 0.73984375 0.0765625 0.28203125
4 0.6234375 0.63046875 0.07890625 0.3484375
6 0.8703125 0.9203125 0.19453125 0.096875
5 0.3875 0.85390625 0.0546875 0.28359375
4 0.4515625 0.60390625 0.05234375 0.28515625
1 0.0625 0.12734375 0.04375 0.0671875
4 0.81328125 0.409375 0.03515625 0.22421875
4 0.53203125 0.52734375 0.03828125 0.246875
4 0.48359375 0.4921875 0.04765625 0.2546875
4 0.66875 0.4625 0.0390625 0.22890625
2 0.371875 0.32890625 0.03671875 0.071875
1 0.30546875 0.05 0.021875 0.1
4 0.50625 0.4421875 0.03203125 0.23984375
4 0.59375 0.565625 0.0484375 0.178125
4 0.35234375 0.6328125 0.06015625 0.2796875
0 0.44765625 0.39140625 0.01875 0.03203125
5 0.471875 0.40234375 0.03125 0.153125
3 0.87109375 0.91953125 0.196875 0.09921875