4 0.6109375 0.67109375 0.05 0.27265625
5 0.36171875 0.72578125 0.053125 0.21796875
5 0.92109375 0.2328125 0.05 0.1890625
5 0.22421875 0.23125 0.0390625 0.1875
4 0.5390625 0.2390625 0.0484375 0.16796875
4 0.4890625 0.28359375 0.04296875 0.1796875
4 0.6921875 0.4 0.0625 0.20234375
6 0.2625 0.93828125 0.47890625 0.06640625
4 0.31171875 0.29140625 0.0453125 0.19375
4 0.49140625 0.54296875 0.04375 0.24140625
4 0.68046875 0.2875 0.040625 0.1890625
2 0.27265625 0.16328125 0.03203125 0.05625
4 0.28984375 0.23984375 0.03125 0.19609375
4 0.6609375 0.3984375 0.05390625 0.22109375
1 0.0109375 0.00859375 0.021875 0.0171875
4 0.70625 0.28046875 0.0421875 0.1875
0 0.81953125 0.27421875 0.015625 0.03046875
3 0.5 0.93828125 1 0.0671875