6 0.84375 0.84921875 0.1984375 0.096875
4 0.459375 0.41875 0.0671875 0.2234375
4 0.57578125 0.384375 0.06796875 0.18515625
4 0.5875 0.38046875 0.05 0.221875
5 0.14140625 0.27421875 0.05859375 0.18359375
4 0.3453125 0.53984375 0.0546875 0.240625
4 0.871875 0.70078125 0.0765625 0.2078125
4 0.75703125 0.30625 0.059375 0.184375
4 0.528125 0.321875 0.05078125 0.17890625
2 0.07578125 0.20546875 0.034375 0.0625
4 0.5203125 0.53046875 0.04140625 0.228125
4 0.48046875 0.7125 0.059375 0.25546875
1 0.0109375 0.00625 0.021875 0.0125
4 0.6859375 0.47421875 0.07890625 0.246875
5 0.99296875 0.30703125 0.0140625 0.16953125
0 0.71328125 0.30859375 0.01484375 0.028125
3 0.84375 0.8484375 0.2 0.09765625
3 0.9015625 0.08203125 0.1046875 0.0671875