4 0.46015625 0.58515625 0.06484375 0.21875
4 0.6375 0.32109375 0.053125 0.18125
4 0.290625 0.73359375 0.08046875 0.25
4 0.70703125 0.55078125 0.065625 0.19296875
4 0.38828125 0.41484375 0.05234375 0.16875
5 0.6484375 0.16640625 0.03359375 0.16328125
4 0.959375 0.6078125 0.06015625 0.18671875
2 0.484375 0.146875 0.03125 0.0609375
4 0.853125 0.2578125 0.04765625 0.1609375
4 0.38125 0.76484375 0.04921875 0.34609375
4 0.38125 0.75390625 0.040625 0.23046875
4 0.3875 0.32890625 0.06171875 0.1421875
0 0.37890625 0.3890625 0.01796875 0.03125