5 0.3671875 0.73828125 0.04921875 0.2546875
4 0.38984375 0.5171875 0.06875 0.20078125
4 0.7671875 0.328125 0.03671875 0.18203125
4 0.32890625 0.44140625 0.04296875 0.209375
4 0.359375 0.296875 0.0546875 0.1921875
5 0.48046875 0.29453125 0.03359375 0.1671875
4 0.1421875 0.49609375 0.046875 0.23984375
6 0.53359375 0.9078125 0.44765625 0.0484375
4 0.58203125 0.34296875 0.03203125 0.2015625
4 0.80625 0.36484375 0.034375 0.1796875
2 0.89140625 0.215625 0.03125 0.05625
4 0.42421875 0.6796875 0.0640625 0.209375
4 0.165625 0.40546875 0.0328125 0.1921875
1 0.95078125 0.0140625 0.0234375 0.028125
4 0.46015625 0.6484375 0.0828125 0.2015625
0 0.39453125 0.69296875 0.01796875 0.03203125
3 0.5015625 0.92890625 0.51171875 0.09375