6 0.84375 0.8484375 0.19765625 0.09375
4 0.43671875 0.54140625 0.0875 0.28671875
4 0.2328125 0.73984375 0.11015625 0.296875
5 0.51875 0.8625 0.0734375 0.275
2 0.63203125 0.2015625 0.04296875 0.08203125
4 0.1109375 0.38828125 0.05078125 0.3015625
4 0.6265625 0.49140625 0.06875 0.3203125
4 0.72890625 0.40390625 0.07890625 0.2890625
4 0.040625 0.74921875 0.08125 0.334375
0 0.64375 0.42421875 0.01875 0.034375
4 0.559375 0.49921875 0.0890625 0.3109375
4 0.453125 0.43984375 0.13359375 0.25546875
4 0.43359375 0.47578125 0.09140625 0.25
3 0.84375 0.8484375 0.19921875 0.096875
3 0.9 0.08046875 0.10546875 0.06875