4 0.67265625 0.45703125 0.065625 0.20234375
4 0.4578125 0.3015625 0.065625 0.16875
4 0.38984375 0.46328125 0.0734375 0.20078125
4 0.54375 0.6890625 0.06953125 0.2484375
5 0.42421875 0.7265625 0.05703125 0.246875
4 0.16328125 0.6015625 0.0734375 0.15625
4 0.29140625 0.53984375 0.06015625 0.1953125
3 0.5 0.93828125 1 0.0671875
6 0.2625 0.9390625 0.4796875 0.06796875
1 0.08046875 0.02890625 0.03515625 0.0578125
5 0.3 0.3234375 0.03359375 0.1671875
4 0.4328125 0.496875 0.05703125 0.2109375
4 0.9671875 0.47890625 0.0640625 0.21484375
5 0.90625 0.3078125 0.034375 0.18125
1 0.284375 0.01171875 0.01953125 0.0234375
4 0.478125 0.25546875 0.0359375 0.1453125
2 0.334375 0.2140625 0.0296875 0.059375
0 0.45625 0.5140625 0.0140625 0.02421875
4 0.5203125 0.61484375 0.0484375 0.228125