6 0.86796875 0.8734375 0.1734375 0.15234375
5 0.115625 0.6859375 0.0484375 0.2125
4 0.31171875 0.3453125 0.04296875 0.17421875
4 0.4140625 0.51171875 0.0453125 0.203125
4 0.75859375 0.4765625 0.03515625 0.18671875
4 0.33984375 0.41484375 0.0578125 0.17109375
4 0.2203125 0.4546875 0.03671875 0.1953125
4 0.440625 0.40390625 0.03515625 0.18203125
4 0.50234375 0.5625 0.02578125 0.20546875
5 0.02421875 0.346875 0.0390625 0.15078125
2 0.01640625 0.27734375 0.03046875 0.05390625
4 0.3765625 0.4671875 0.0375 0.2109375
4 0.99609375 0.44765625 0.0078125 0.04453125
4 0.33515625 0.3203125 0.02109375 0.14140625
5 0.3703125 0.33828125 0.02890625 0.140625
0 0.3609375 0.31953125 0.0109375 0.01875
3 0.8671875 0.87421875 0.17265625 0.153125