5 0.534375 0.87421875 0.059375 0.2515625
6 0.2625 0.9390625 0.47890625 0.06796875
4 0.43671875 0.5546875 0.0734375 0.240625
4 0.19296875 0.3625 0.05625 0.21484375
4 0.28984375 0.39609375 0.0578125 0.2125
1 0.95234375 0.06484375 0.0421875 0.06640625
4 0.54140625 0.4375 0.04609375 0.2375
4 0.68671875 0.55625 0.115625 0.2140625
5 0.6921875 0.3125 0.03828125 0.17890625
2 0.66328125 0.26796875 0.0359375 0.06875
5 0.0875 0.33671875 0.05390625 0.1984375
1 0.72421875 0.02734375 0.01875 0.05390625
4 0.50625 0.42265625 0.0578125 0.21328125
4 0.71484375 0.57109375 0.09765625 0.24609375
4 0.51328125 0.2953125 0.06484375 0.2
4 0.53828125 0.37109375 0.05234375 0.1953125
0 0.5453125 0.2734375 0.015625 0.0265625
3 0.5 0.93828125 1 0.06953125