6 0.84375 0.84765625 0.1984375 0.09453125
4 0.6484375 0.66640625 0.0671875 0.2203125
5 0.37890625 0.734375 0.0515625 0.21015625
4 0.10625 0.61953125 0.05 0.215625
4 0.3171875 0.55 0.03828125 0.21171875
4 0.759375 0.61796875 0.046875 0.178125
5 0.64375 0.40234375 0.03671875 0.17109375
4 0.60390625 0.5703125 0.046875 0.2265625
4 0.2796875 0.628125 0.03984375 0.2390625
5 0.90703125 0.515625 0.04375 0.16796875
4 0.76171875 0.42109375 0.03125 0.17578125
4 0.63359375 0.33671875 0.03671875 0.16484375
2 0.8984375 0.29765625 0.028125 0.0546875
1 0.95859375 0.08828125 0.02265625 0.08203125
4 0.24140625 0.65546875 0.0515625 0.15859375
0 0.3875 0.765625 0.01484375 0.0265625
4 0.2578125 0.59921875 0.03359375 0.2140625
3 0.84375 0.8484375 0.19921875 0.09765625
3 0.9 0.08046875 0.10546875 0.0734375