6 0.86640625 0.87421875 0.17109375 0.15078125
4 0.50859375 0.51015625 0.04140625 0.19765625
4 0.61484375 0.60234375 0.0390625 0.203125
1 0.50078125 0.14453125 0.03203125 0.059375
4 0.51328125 0.61015625 0.04296875 0.19609375
5 0.859375 0.525 0.0296875 0.17578125
2 0.49921875 0.30625 0.01953125 0.0375
4 0.621875 0.4578125 0.02890625 0.15234375
4 0.37109375 0.46171875 0.0375 0.14609375
4 0.378125 0.478125 0.02578125 0.1640625
4 0.35703125 0.565625 0.04609375 0.19765625
4 0.6109375 0.4453125 0.03359375 0.159375
4 0.38984375 0.4484375 0.02109375 0.16328125
5 0.4953125 0.45078125 0.025 0.1453125
0 0.490625 0.42890625 0.0109375 0.02109375
3 0.8671875 0.875 0.17265625 0.1546875
3 0.36484375 0.82109375 0.58125 0.23203125