4 0.09296875 0.6015625 0.06796875 0.22578125
2 0.51015625 0.1375 0.0640625 0.128125
4 0.25234375 0.5890625 0.21484375 0.63671875
4 0.01640625 0.61015625 0.0328125 0.29296875
4 0.6046875 0.6140625 0.13203125 0.38515625
4 0.575 0.59140625 0.0640625 0.25625
4 0.35625 0.56953125 0.159375 0.49609375
4 0.703125 0.57890625 0.25859375 0.7
4 0.71328125 0.60859375 0.1765625 0.44609375
0 0.67421875 0.6484375 0.040625 0.06953125
4 0.3015625 0.60625 0.01875 0.096875
3 0.07421875 0.10390625 0.0359375 0.13671875