3 0.5 0.93828125 1 0.06875
6 0.2625 0.93828125 0.4796875 0.06953125
4 0.93828125 0.5734375 0.08671875 0.32890625
4 0.803125 0.634375 0.071875 0.44140625
4 0.50625 0.56015625 0.1640625 0.29921875
4 0.971875 0.79453125 0.05546875 0.384375
4 0.38671875 0.72265625 0.0828125 0.38671875
4 0.6015625 0.58203125 0.12265625 0.32578125
0 0.4484375 0.09921875 0.0234375 0.04375
4 0.38828125 0.71015625 0.11171875 0.35625
2 0.3703125 0.2546875 0.0515625 0.08828125
5 0.37734375 0.41171875 0.05703125 0.27890625
4 0.44609375 0.73203125 0.09140625 0.3671875
5 0.6375 0.91328125 0.084375 0.1734375