4 0.0296875 0.7796875 0.059375 0.3390625
4 0.0953125 0.61015625 0.09921875 0.2734375
4 0.53515625 0.50703125 0.0984375 0.2828125
6 0.84296875 0.8484375 0.19765625 0.0921875
4 0.46953125 0.5625 0.05390625 0.275
4 0.6140625 0.75625 0.06484375 0.3234375
1 0.7328125 0.0203125 0.0265625 0.040625
5 0.48671875 0.9328125 0.0609375 0.134375
2 0.65859375 0.30703125 0.04453125 0.0890625
4 0.2796875 0.5921875 0.071875 0.39609375
5 0.68828125 0.4046875 0.06171875 0.25703125
1 0.99453125 0.07109375 0.0109375 0.0765625
4 0.63828125 0.70703125 0.0859375 0.29296875
4 0.484375 0.50078125 0.0703125 0.29375
0 0.47890625 0.125 0.0203125 0.034375
3 0.84375 0.8484375 0.19765625 0.0953125
3 0.9 0.0796875 0.1046875 0.0703125