4 0.35234375 0.60390625 0.08984375 0.3
4 0.80078125 0.35390625 0.0875 0.1703125
6 0.2625 0.9390625 0.478125 0.06796875
4 0.9015625 0.5125 0.06796875 0.22578125
4 0.72265625 0.4109375 0.0921875 0.2203125
4 0.5765625 0.2921875 0.0625 0.19375
5 0.7796875 0.7890625 0.07578125 0.259375
5 0.3140625 0.2671875 0.0609375 0.16640625
4 0.36015625 0.3796875 0.03828125 0.22265625
4 0.6734375 0.2625 0.06640625 0.1828125
4 0.73984375 0.34296875 0.05546875 0.13125
0 0.72890625 0.36484375 0.01640625 0.02734375
3 0.5 0.93828125 1 0.06796875