6 0.86640625 0.86015625 0.17109375 0.17890625
5 0.140625 0.87578125 0.06484375 0.24765625
4 0.27109375 0.4546875 0.075 0.25
4 0.728125 0.76796875 0.06484375 0.28984375
5 0.2734375 0.26015625 0.053125 0.18046875
4 0.46953125 0.54921875 0.0578125 0.2453125
4 0.425 0.2390625 0.065625 0.18671875
4 0.12890625 0.44609375 0.04609375 0.22734375
4 0.8203125 0.51328125 0.04140625 0.246875
4 0.69140625 0.2984375 0.03984375 0.19921875
4 0.66015625 0.32734375 0.03203125 0.21015625
2 0.7265625 0.1875 0.03359375 0.06171875
4 0.45234375 0.334375 0.04921875 0.1921875
1 0.98828125 0.0171875 0.021875 0.034375
4 0.94296875 0.5734375 0.078125 0.27109375
0 0.14609375 0.4375 0.01640625 0.02734375
5 0.9875 0.52109375 0.025 0.21015625
3 0.86640625 0.859375 0.1734375 0.18203125