4 0.384375 0.60234375 0.0953125 0.22109375
5 0.77109375 0.85078125 0.0578125 0.27109375
4 0.534375 0.63203125 0.07421875 0.2140625
6 0.53203125 0.9078125 0.44453125 0.05078125
4 0.45234375 0.5625 0.09765625 0.24765625
1 0.115625 0.1203125 0.0359375 0.0609375
4 0.759375 0.56953125 0.06484375 0.22734375
4 0.45546875 0.39375 0.025 0.171875
4 0.51875 0.35703125 0.0375 0.15703125
5 0.69609375 0.35625 0.0375 0.18203125
4 0.3109375 0.61875 0.09765625 0.25
4 0.7125 0.5546875 0.0578125 0.1953125
4 0.5703125 0.55 0.0671875 0.1828125
2 0.3578125 0.2859375 0.03125 0.05625
1 0.30625 0.05234375 0.02109375 0.0859375
5 0.03125 0.6453125 0.04140625 0.225
0 0.55390625 0.590625 0.0171875 0.03203125
4 0.7375 0.54140625 0.05546875 0.18203125
3 0.49921875 0.928125 0.51328125 0.096875
3 0.8890625 0.0625 0.13046875 0.07734375