6 0.83125 0.83203125 0.19921875 0.0984375
4 0.728125 0.56640625 0.05234375 0.28359375
2 0.5125 0.23984375 0.03828125 0.0734375
4 0.87734375 0.69453125 0.06796875 0.3140625
4 0.29375 0.5484375 0.06328125 0.284375
4 0.35703125 0.52890625 0.08515625 0.290625
5 0.22734375 0.4421875 0.04609375 0.2390625
4 0.50859375 0.56796875 0.0796875 0.44375
0 0.51953125 0.08203125 0.02109375 0.0390625
4 0.3109375 0.63125 0.0703125 0.30390625
4 0.74375 0.546875 0.06171875 0.29296875
4 0.703125 0.53046875 0.0578125 0.29296875
3 0.83046875 0.83203125 0.2015625 0.10390625