4 0.13984375 0.43671875 0.04140625 0.1796875
4 0.80703125 0.49765625 0.075 0.21015625
4 0.23125 0.33828125 0.04765625 0.175
6 0.83125 0.8328125 0.1984375 0.096875
4 0.2671875 0.26796875 0.0484375 0.16640625
4 0.44765625 0.4875 0.04921875 0.18046875
4 0.69765625 0.33359375 0.053125 0.16953125
4 0.8 0.67421875 0.07578125 0.16875
4 0.7625 0.67265625 0.08828125 0.19453125
2 0.0640625 0.25 0.03046875 0.05703125
5 0.4125 0.2734375 0.03046875 0.1625
4 0.46328125 0.3828125 0.025 0.1765625
1 0.00703125 0.03671875 0.0140625 0.0734375
0 0.8125 0.671875 0.01796875 0.0296875
5 0.80234375 0.8265625 0.046875 0.2234375
3 0.83125 0.83359375 0.2 0.1