6 0.86640625 0.875 0.17109375 0.15
4 0.6765625 0.36484375 0.071875 0.2265625
4 0.1609375 0.58125 0.0625 0.23125
4 0.25390625 0.59921875 0.06484375 0.234375
4 0.534375 0.26796875 0.0625 0.190625
5 0.15234375 0.80546875 0.06015625 0.296875
4 0.39375 0.46953125 0.0875 0.2375
4 0.84375 0.56328125 0.05859375 0.25546875
4 0.2125 0.3375 0.04375 0.2140625
4 0.94375 0.68828125 0.06015625 0.275
5 0.4140625 0.26796875 0.04140625 0.18515625
2 0.81484375 0.2078125 0.034375 0.07109375
0 0.20625 0.3 0.015625 0.028125
4 0.409375 0.4453125 0.0828125 0.22890625
4 0.40625 0.38046875 0.04765625 0.19140625
3 0.8671875 0.87578125 0.1734375 0.15234375
3 0.915625 0.05703125 0.0765625 0.0546875