4 0.796875 0.54609375 0.04453125 0.22109375
5 0.62890625 0.790625 0.05234375 0.23046875
4 0.22890625 0.7125 0.08515625 0.23203125
4 0.37734375 0.50703125 0.06171875 0.18125
6 0.83125 0.8328125 0.19765625 0.09453125
4 0.49765625 0.38671875 0.0421875 0.178125
5 0.69453125 0.33125 0.03359375 0.14921875
4 0.69375 0.51640625 0.05625 0.17421875
1 0.12265625 0.1390625 0.0296875 0.0515625
4 0.52578125 0.3203125 0.0375 0.15234375
4 0.6484375 0.5609375 0.05234375 0.17578125
4 0.75390625 0.44140625 0.06328125 0.14375
2 0.34140625 0.290625 0.028125 0.05234375
1 0.29453125 0.08515625 0.01875 0.0796875
5 0.0953125 0.58984375 0.03046875 0.20859375
4 0.3375 0.58984375 0.053125 0.2125
4 0.34296875 0.5359375 0.07578125 0.18125
0 0.803125 0.45703125 0.01328125 0.025
3 0.83125 0.83359375 0.2 0.10078125