4 0.4765625 0.4921875 0.07265625 0.2046875
4 0.46484375 0.6640625 0.04921875 0.2328125
4 0.2515625 0.76015625 0.06015625 0.26640625
4 0.36640625 0.5375 0.04765625 0.20390625
4 0.215625 0.43046875 0.046875 0.2
6 0.83046875 0.83125 0.1984375 0.09765625
5 0.1046875 0.44375 0.04296875 0.18046875
5 0.58984375 0.8046875 0.0484375 0.2265625
1 0.90078125 0.153125 0.0359375 0.05234375
4 0.65 0.5453125 0.06484375 0.20234375
5 0.70234375 0.4140625 0.034375 0.17734375
4 0.59453125 0.546875 0.0796875 0.1890625
2 0.64609375 0.31875 0.03203125 0.0578125
1 0.7 0.08828125 0.01875 0.0828125
0 0.66796875 0.425 0.015625 0.028125
4 0.6234375 0.47578125 0.04765625 0.2078125
4 0.628125 0.51171875 0.03046875 0.2109375
3 0.83125 0.83125 0.20078125 0.1015625