4 0.30859375 0.659375 0.08515625 0.265625
6 0.83125 0.83203125 0.196875 0.09609375
5 0.5484375 0.759375 0.0578125 0.23359375
4 0.625 0.62734375 0.0859375 0.24375
4 0.2140625 0.3578125 0.0671875 0.20546875
4 0.22109375 0.50078125 0.05859375 0.20390625
5 0.76328125 0.35078125 0.0421875 0.2
4 0.75390625 0.68046875 0.0578125 0.2515625
1 0.9375 0.0609375 0.0390625 0.06328125
5 0.09375 0.36640625 0.0609375 0.17109375
4 0.54765625 0.35703125 0.0484375 0.190625
4 0.440625 0.60078125 0.0484375 0.253125
4 0.35625 0.503125 0.05546875 0.2265625
2 0.65703125 0.24296875 0.034375 0.06484375
1 0.71640625 0.01953125 0.01796875 0.03828125
4 0.3390625 0.40546875 0.071875 0.20078125
3 0.83203125 0.83125 0.2 0.10234375