2 0.39296875 0.14765625 0.07890625 0.15078125
6 0.865625 0.8765625 0.1703125 0.146875
5 0.128125 0.740625 0.03984375 0.21484375
4 0.40078125 0.70078125 0.15234375 0.509375
4 0.28046875 0.7078125 0.07890625 0.4109375
4 0.7515625 0.68984375 0.08046875 0.41640625
4 0.58828125 0.7328125 0.03671875 0.196875
4 0.465625 0.665625 0.159375 0.66875
0 0.3765625 0.59921875 0.04765625 0.08515625
4 0.47109375 0.70390625 0.05625 0.35625
4 0.665625 0.728125 0.059375 0.2703125
4 0.75078125 0.72890625 0.08984375 0.29296875
4 0.828125 0.7046875 0.075 0.3640625
4 0.87421875 0.71328125 0.04921875 0.203125
1 0.78828125 0.5375 0.01953125 0.03984375
3 0.86640625 0.86015625 0.1734375 0.184375