4 0.309375 0.50078125 0.0796875 0.24140625
4 0.48984375 0.49453125 0.05390625 0.27421875
1 0.8375 0.053125 0.0375 0.06484375
5 0.03046875 0.8921875 0.0609375 0.2046875
6 0.8703125 0.9203125 0.19375 0.09609375
2 0.5671875 0.24375 0.034375 0.06796875
4 0.57421875 0.465625 0.05390625 0.22421875
1 0.62265625 0.01796875 0.02265625 0.0359375
4 0.31328125 0.30859375 0.06015625 0.18125
4 0.0609375 0.76328125 0.09140625 0.284375
4 0.5703125 0.40234375 0.06953125 0.25078125
0 0.5828125 0.39140625 0.015625 0.02890625
5 0.55625 0.3453125 0.03515625 0.17421875
4 0.36015625 0.58203125 0.0703125 0.240625
4 0.3734375 0.5390625 0.065625 0.24921875
3 0.8703125 0.9203125 0.1953125 0.1015625