4 0.85703125 0.578125 0.07890625 0.2328125
4 0.1828125 0.36015625 0.071875 0.1734375
4 0.4421875 0.5109375 0.07109375 0.2421875
4 0.64453125 0.55859375 0.046875 0.23671875
5 0.1203125 0.30390625 0.059375 0.18203125
4 0.58828125 0.5890625 0.05703125 0.2625
4 0.60625 0.315625 0.03671875 0.21328125
6 0.2625 0.9390625 0.47890625 0.06796875
4 0.7953125 0.65390625 0.06953125 0.24921875
5 0.93671875 0.2734375 0.03671875 0.16875
5 0.63359375 0.75703125 0.059375 0.2484375
2 0.9578125 0.21015625 0.034375 0.06640625
4 0.41640625 0.38359375 0.05546875 0.18359375
0 0.20859375 0.3234375 0.0140625 0.025
4 0.4265625 0.31484375 0.05859375 0.19140625
4 0.6625 0.446875 0.0734375 0.23203125
3 0.5 0.9390625 1 0.06953125