4 0.8515625 0.71328125 0.0859375 0.27578125
4 0.7734375 0.6453125 0.075 0.26171875
6 0.534375 0.928125 0.44765625 0.0921875
4 0.5015625 0.50234375 0.059375 0.21484375
4 0.67578125 0.7328125 0.0734375 0.278125
4 0.12265625 0.46796875 0.040625 0.228125
4 0.71640625 0.53359375 0.05859375 0.240625
4 0.6328125 0.45390625 0.0421875 0.2171875
4 0.58125 0.4765625 0.0859375 0.19921875
4 0.36875 0.61953125 0.0484375 0.265625
5 0.046875 0.39140625 0.04296875 0.19140625
4 0.41171875 0.6265625 0.05625 0.3453125
1 0.70703125 0.028125 0.0203125 0.05625
5 0.653125 0.35546875 0.040625 0.18203125
2 0.65 0.2640625 0.03203125 0.06171875
0 0.48359375 0.21875 0.01953125 0.0359375
3 0.8890625 0.06171875 0.13046875 0.07578125
1 0.9125 0.084375 0.03359375 0.0640625
5 0.6546875 0.7828125 0.071875 0.2015625
3 0.5015625 0.928125 0.5140625 0.0953125