6 0.5 0.91875 0.51328125 0.0640625
4 0.7390625 0.63046875 0.06796875 0.396875
2 0.60234375 0.0640625 0.0796875 0.12421875
4 0.365625 0.63984375 0.05703125 0.37734375
1 0.1984375 0.48125 0.02265625 0.03828125
4 0.47109375 0.66484375 0.03671875 0.21953125
4 0.81953125 0.621875 0.08046875 0.428125
4 0.92265625 0.61328125 0.09609375 0.459375
4 0.0640625 0.58671875 0.12734375 0.82578125
0 0.38359375 0.6125 0.0203125 0.0390625
4 0.10234375 0.615625 0.059375 0.64921875
4 0.11875 0.76796875 0.03046875 0.06796875
4 0.1671875 0.67265625 0.053125 0.2328125
4 0.22734375 0.68359375 0.03515625 0.128125
2 0.20078125 0.584375 0.01640625 0.025
5 0.9796875 0.6296875 0.040625 0.48359375
3 0.49921875 0.91875 0.51484375 0.0625
3 0.91328125 0.084375 0.0828125 0.09921875