3 0.8515625 0.8828125 0.2046875 0.109375
6 0.85078125 0.88203125 0.20234375 0.1078125
4 0.73515625 0.49765625 0.09296875 0.22109375
4 0.18359375 0.67109375 0.06953125 0.22421875
5 0.4109375 0.7484375 0.04609375 0.22890625
5 0.21484375 0.25625 0.03984375 0.1921875
4 0.39453125 0.3265625 0.0390625 0.18671875
4 0.540625 0.4 0.04140625 0.20625
4 0.48203125 0.20703125 0.053125 0.15078125
5 0.953125 0.265625 0.0453125 0.16953125
4 0.3078125 0.23828125 0.03671875 0.159375
1 0.01875 0.015625 0.034375 0.03125
2 0.2828125 0.1828125 0.03125 0.05703125
4 0.5203125 0.30234375 0.06796875 0.1671875
4 0.325 0.51796875 0.0375 0.22890625
4 0.6796875 0.48515625 0.075 0.2046875
4 0.753125 0.41328125 0.07734375 0.16640625
0 0.7171875 0.353125 0.01171875 0.0234375