5 0.45234375 0.14765625 0.071875 0.17890625
4 0.9296875 0.5125 0.09609375 0.25234375
4 0.72890625 0.51953125 0.10546875 0.2671875
4 0.82265625 0.16328125 0.05546875 0.23125
4 0.52109375 0.4671875 0.11328125 0.22421875
4 0.203125 0.275 0.09375 0.21484375
4 0.209375 0.80859375 0.0953125 0.32421875
6 0.509375 0.9171875 0.4953125 0.065625
2 0.98671875 0.071875 0.0265625 0.08125
4 0.56015625 0.66875 0.1015625 0.26796875
4 0.625 0.8078125 0.146875 0.1109375
5 0.14296875 0.86015625 0.1015625 0.23828125
4 0.01171875 0.6921875 0.0234375 0.203125
0 0.18203125 0.7546875 0.01484375 0.02578125
3 0.49921875 0.91953125 0.51328125 0.06796875
3 0.91328125 0.08515625 0.084375 0.09921875