6 0.86640625 0.85859375 0.171875 0.18203125
4 0.2296875 0.690625 0.0546875 0.22109375
4 0.69296875 0.52890625 0.0625 0.21796875
4 0.65078125 0.51796875 0.0703125 0.18984375
4 0.35703125 0.62734375 0.04140625 0.19375
4 0.28671875 0.4421875 0.04140625 0.1921875
4 0.60625 0.31875 0.03984375 0.18359375
4 0.56640625 0.2140625 0.03125 0.153125
5 0.78828125 0.33125 0.03671875 0.16171875
1 0.9171875 0.0484375 0.02578125 0.05
5 0.07421875 0.30390625 0.0328125 0.165625
4 0.0984375 0.4625 0.04375 0.2234375
4 0.31484375 0.296875 0.03515625 0.19296875
5 0.57421875 0.7359375 0.0421875 0.20390625
4 0.49453125 0.34921875 0.0390625 0.1984375
2 0.70390625 0.19296875 0.0265625 0.05078125
0 0.26484375 0.78671875 0.01796875 0.0328125
1 0.74765625 0.0171875 0.01640625 0.034375
3 0.86640625 0.859375 0.17265625 0.1828125