6 0.8671875 0.8734375 0.1703125 0.1515625
4 0.63203125 0.26875 0.03828125 0.2
4 0.39140625 0.4453125 0.05703125 0.25859375
4 0.5875 0.49140625 0.0578125 0.26953125
4 0.3375 0.40390625 0.04765625 0.21875
4 0.82109375 0.46796875 0.0953125 0.23046875
4 0.80703125 0.44140625 0.04453125 0.22890625
4 0.61171875 0.6265625 0.06171875 0.29453125
2 0.240625 0.17265625 0.03515625 0.06640625
4 0.42890625 0.31171875 0.05234375 0.17578125
5 0.90234375 0.70078125 0.06328125 0.19296875
4 0.41015625 0.26484375 0.04453125 0.1515625
0 0.4078125 0.25546875 0.0109375 0.0203125
4 0.31875 0.39140625 0.05 0.2328125
4 0.6265625 0.5625 0.0609375 0.2546875
3 0.86796875 0.87421875 0.1734375 0.153125