4 0.6078125 0.57265625 0.07109375 0.22578125
5 0.5453125 0.71953125 0.04765625 0.228125
4 0.165625 0.49296875 0.04140625 0.23203125
4 0.25859375 0.64375 0.07265625 0.2453125
6 0.2625 0.93828125 0.47890625 0.0703125
1 0.89296875 0.07421875 0.03515625 0.05078125
4 0.45390625 0.409375 0.046875 0.17109375
4 0.68984375 0.41015625 0.0578125 0.18828125
4 0.6375 0.45546875 0.07734375 0.23671875
2 0.64375 0.23671875 0.03125 0.05625
5 0.17265625 0.31015625 0.03828125 0.17109375
1 0.6984375 0.0265625 0.015625 0.053125
4 0.51875 0.4296875 0.053125 0.2171875
4 0.4859375 0.52421875 0.075 0.22734375
5 0.71875 0.346875 0.03515625 0.17734375
4 0.36171875 0.31015625 0.06875 0.17734375
4 0.63359375 0.41796875 0.05234375 0.2109375
0 0.65703125 0.28515625 0.01484375 0.02734375
3 0.5 0.9390625 1 0.06875