6 0.84296875 0.8484375 0.1984375 0.09140625
4 0.475 0.590625 0.06328125 0.18203125
4 0.5046875 0.64453125 0.0484375 0.2265625
1 0.8234375 0.16015625 0.0296875 0.04921875
5 0.4421875 0.74609375 0.0359375 0.18828125
2 0.60390625 0.3078125 0.02734375 0.05546875
4 0.58671875 0.4984375 0.0390625 0.19375
1 0.65078125 0.09921875 0.0171875 0.08203125
4 0.6625 0.56015625 0.04609375 0.2078125
4 0.59375 0.43515625 0.07421875 0.18671875
4 0.6140625 0.421875 0.03671875 0.17734375
4 0.2109375 0.39921875 0.0296875 0.240625
0 0.2734375 0.165625 0.01875 0.0296875
4 0.24375 0.4 0.06875 0.240625
5 0.1875 0.37578125 0.04140625 0.16796875
4 0.6390625 0.5859375 0.0375 0.20703125
4 0.5984375 0.5734375 0.0390625 0.19765625
5 0.61640625 0.37890625 0.028125 0.1609375
3 0.84296875 0.84921875 0.2 0.096875
3 0.9 0.08125 0.1046875 0.06953125