4 0.7453125 0.4921875 0.0765625 0.2328125
4 0.49765625 0.6390625 0.0625 0.22421875
4 0.40859375 0.446875 0.05390625 0.228125
5 0.934375 0.26640625 0.05703125 0.1984375
4 0.91953125 0.525 0.0515625 0.26875
4 0.671875 0.37734375 0.046875 0.196875
5 0.440625 0.7828125 0.05 0.24296875
1 0.12265625 0.0265625 0.0359375 0.053125
6 0.5078125 0.9203125 0.496875 0.06328125
5 0.3078125 0.2703125 0.03984375 0.178125
4 0.5359375 0.41640625 0.053125 0.2328125
2 0.37109375 0.20078125 0.03359375 0.0640625
4 0.30703125 0.49921875 0.05078125 0.253125
4 0.35859375 0.6953125 0.11484375 0.2796875
0 0.53125 0.2984375 0.015625 0.02734375
4 0.81640625 0.37421875 0.0546875 0.15625
1 0.31640625 0.0046875 0.01953125 0.009375
4 0.56796875 0.4 0.09375 0.20078125
3 0.4984375 0.91953125 0.5140625 0.06875
3 0.9125 0.08359375 0.0828125 0.096875