5 0.83359375 0.29609375 0.034375 0.1984375
4 0.5359375 0.665625 0.04375 0.271875
5 0.7328125 0.7546875 0.05234375 0.24375
4 0.62265625 0.71171875 0.04765625 0.26796875
4 0.5609375 0.41484375 0.04140625 0.18671875
4 0.759375 0.5140625 0.03359375 0.23359375
4 0.4921875 0.32890625 0.03359375 0.1796875
4 0.42109375 0.4953125 0.07265625 0.209375
2 0.83359375 0.23359375 0.03125 0.06015625
6 0.8703125 0.9203125 0.19375 0.0953125
1 0.8921875 0.021875 0.01875 0.04375
4 0.3953125 0.50546875 0.05234375 0.18828125
4 0.50546875 0.39609375 0.03203125 0.2046875
5 0.3140625 0.2984375 0.04296875 0.1734375
0 0.33671875 0.26328125 0.0140625 0.025
4 0.36484375 0.28203125 0.034375 0.1703125
3 0.8703125 0.92109375 0.19453125 0.1015625