4 0.0875 0.565625 0.05859375 0.2359375
5 0.0953125 0.796875 0.0546875 0.28671875
6 0.86796875 0.87421875 0.17109375 0.1484375
4 0.82578125 0.58359375 0.07109375 0.2515625
4 0.3640625 0.5234375 0.06171875 0.228125
4 0.62578125 0.56796875 0.0921875 0.1890625
1 0.93125 0.0875 0.0375 0.06015625
4 0.421875 0.66484375 0.05703125 0.27890625
4 0.70703125 0.6109375 0.065625 0.13203125
5 0.3625 0.3484375 0.03515625 0.171875
5 0.93203125 0.57734375 0.04453125 0.240625
2 0.66796875 0.2609375 0.03359375 0.065625
4 0.5515625 0.49375 0.0421875 0.2375
1 0.728125 0.0296875 0.021875 0.059375
4 0.51796875 0.5546875 0.0578125 0.203125
4 0.69453125 0.55859375 0.065625 0.14140625
4 0.68828125 0.60625 0.0859375 0.065625
3 0.8671875 0.87578125 0.17421875 0.15390625