6 0.86640625 0.87578125 0.16953125 0.1546875
5 0.69765625 0.40625 0.06171875 0.275
2 0.6484375 0.26953125 0.053125 0.0984375
4 0.4796875 0.5625 0.071875 0.34296875
5 0.37421875 0.9171875 0.0765625 0.16484375
4 0.54375 0.746875 0.08828125 0.35
4 0.67265625 0.71796875 0.10859375 0.30234375
4 0.62265625 0.75 0.0921875 0.38984375
4 0.2234375 0.6234375 0.09140625 0.446875
4 0.5 0.58125 0.0921875 0.29921875
0 0.3875 0.13359375 0.02265625 0.04140625
3 0.86640625 0.87578125 0.171875 0.15625
3 0.915625 0.05859375 0.0765625 0.0578125