6 0.84375 0.8484375 0.20078125 0.09609375
4 0.6890625 0.66171875 0.046875 0.290625
4 0.05859375 0.378125 0.05234375 0.2234375
4 0.45859375 0.428125 0.0515625 0.2375
4 0.17421875 0.43359375 0.07265625 0.23671875
5 0.3421875 0.75078125 0.0546875 0.27109375
4 0.36953125 0.4015625 0.03984375 0.2234375
4 0.28828125 0.4375 0.05 0.2390625
4 0.2875 0.68203125 0.06015625 0.31015625
5 0.10546875 0.4125 0.04453125 0.22578125
4 0.52734375 0.45078125 0.0453125 0.25078125
1 0.68515625 0.021875 0.0203125 0.04296875
0 0.828125 0.50859375 0.0171875 0.03046875
2 0.625 0.253125 0.0359375 0.06640625
4 0.321875 0.38671875 0.03203125 0.2234375
5 0.8015625 0.49921875 0.04375 0.1890625
4 0.75078125 0.42578125 0.0265625 0.23125
4 0.5421875 0.434375 0.034375 0.2203125
3 0.9 0.0796875 0.10625 0.07109375
1 0.9046875 0.06796875 0.0375 0.0625
3 0.84375 0.84765625 0.2 0.09765625