4 0.16640625 0.684375 0.0890625 0.25078125
6 0.534375 0.90859375 0.44765625 0.05078125
4 0.72421875 0.55078125 0.065625 0.24296875
4 0.34296875 0.571875 0.046875 0.2265625
5 0.79765625 0.76875 0.040625 0.2796875
4 0.484375 0.36484375 0.0390625 0.20625
1 0.08984375 0.059375 0.03515625 0.0609375
4 0.88671875 0.6171875 0.05546875 0.271875
5 0.1109375 0.515625 0.028125 0.2296875
4 0.7625 0.440625 0.06171875 0.22578125
2 0.3453125 0.23515625 0.03203125 0.05859375
1 0.290625 0.01640625 0.0203125 0.0328125
4 0.7671875 0.41328125 0.12109375 0.165625
4 0.57890625 0.4375 0.10859375 0.1890625
4 0.5359375 0.30625 0.03984375 0.178125
4 0.72109375 0.38671875 0.07265625 0.16015625
5 0.72109375 0.296875 0.03359375 0.1578125
0 0.69375 0.3484375 0.01484375 0.0265625
3 0.5015625 0.9296875 0.51484375 0.09609375