4 0.43828125 0.64765625 0.08828125 0.2875
4 0.86328125 0.4171875 0.05625 0.22265625
4 0.6984375 0.61796875 0.075 0.2734375
4 0.5453125 0.48125 0.08515625 0.22109375
4 0.3765625 0.6640625 0.05625 0.2875
1 0.04609375 0.0703125 0.04296875 0.0703125
5 0.36328125 0.33828125 0.04609375 0.2296875
4 0.47734375 0.48203125 0.06953125 0.23984375
3 0.5 0.9390625 1 0.0703125
6 0.26171875 0.93828125 0.47890625 0.06796875
1 0.3 0.0328125 0.0203125 0.065625
5 0.51171875 0.90390625 0.04375 0.19140625
2 0.365625 0.27265625 0.04453125 0.025
0 0.39609375 0.36171875 0.02109375 0.0375
4 0.35546875 0.60390625 0.071875 0.278125
4 0.64765625 0.78046875 0.07578125 0.27890625