4 0.75703125 0.44375 0.08046875 0.24609375
6 0.2625 0.93828125 0.47890625 0.06953125
4 0.36875 0.74765625 0.0734375 0.31015625
4 0.5375 0.521875 0.06171875 0.25390625
1 0.0203125 0.09296875 0.040625 0.065625
4 0.440625 0.36796875 0.05859375 0.2140625
4 0.715625 0.84375 0.0734375 0.29375
4 0.4890625 0.37578125 0.040625 0.25
1 0.25546875 0.03359375 0.02421875 0.0671875
5 0.4640625 0.88828125 0.06171875 0.2234375
4 0.35546875 0.3484375 0.07578125 0.2
0 0.3375 0.46328125 0.015625 0.028125
4 0.49921875 0.49453125 0.05234375 0.2234375
5 0.3046875 0.35859375 0.03125 0.19609375
2 0.31796875 0.2890625 0.0359375 0.06640625
4 0.37890625 0.64453125 0.05390625 0.278125
3 0.5 0.9390625 1 0.0703125