4 0.38359375 0.446875 0.08671875 0.215625
6 0.8671875 0.875 0.1703125 0.153125
4 0.84921875 0.6484375 0.07734375 0.28828125
4 0.6703125 0.48984375 0.11953125 0.25
4 0.5234375 0.61171875 0.06484375 0.25703125
4 0.35078125 0.33984375 0.059375 0.1953125
4 0.77265625 0.50703125 0.07265625 0.21640625
5 0.08984375 0.35390625 0.0515625 0.2125
5 0.3484375 0.75 0.05390625 0.265625
4 0.46640625 0.3140625 0.04921875 0.19765625
4 0.9796875 0.71015625 0.03984375 0.3
2 0.18671875 0.20390625 0.034375 0.0640625
0 0.74140625 0.4703125 0.01796875 0.03359375
5 0.76640625 0.2953125 0.05546875 0.19296875
1 0.125 0.0078125 0.02109375 0.015625
4 0.3234375 0.259375 0.05078125 0.2078125
4 0.4828125 0.27421875 0.046875 0.1953125
3 0.8671875 0.875 0.171875 0.15703125
3 0.915625 0.0578125 0.08046875 0.05546875