4 0.4765625 0.68828125 0.0828125 0.27421875
4 0.69453125 0.4015625 0.071875 0.21328125
4 0.70390625 0.55234375 0.05859375 0.24296875
4 0.80390625 0.7203125 0.0578125 0.24609375
4 0.23046875 0.559375 0.04921875 0.26484375
4 0.37265625 0.46953125 0.04375 0.2296875
5 0.709375 0.75546875 0.04765625 0.203125
1 0.98046875 0.05390625 0.0359375 0.0609375
4 0.75390625 0.38984375 0.04609375 0.19453125
4 0.52734375 0.54609375 0.04765625 0.19765625
5 0.1828125 0.33046875 0.0359375 0.18828125
4 0.47578125 0.38671875 0.05078125 0.175
1 0.78125 0.01796875 0.025 0.0359375
2 0.725 0.2359375 0.03359375 0.065625
5 0.72109375 0.28671875 0.03203125 0.16015625
6 0.2625 0.9390625 0.4796875 0.06640625
4 0.45703125 0.38203125 0.08203125 0.159375
0 0.4921875 0.3828125 0.015625 0.03203125
3 0.5 0.93828125 1 0.06796875