4 0.38046875 0.5359375 0.0640625 0.21015625
6 0.2625 0.9390625 0.4796875 0.06953125
4 0.3765625 0.31796875 0.040625 0.19453125
5 0.71875 0.75625 0.04765625 0.2421875
4 0.23671875 0.5546875 0.06328125 0.215625
4 0.7890625 0.5859375 0.0578125 0.25703125
5 0.78203125 0.3265625 0.034375 0.171875
4 0.63046875 0.4203125 0.03671875 0.2203125
4 0.578125 0.3234375 0.0328125 0.18125
4 0.2828125 0.559375 0.05859375 0.20234375
5 0.19140625 0.33125 0.03515625 0.17734375
4 0.325 0.51171875 0.0578125 0.25859375
2 0.7609375 0.23203125 0.03125 0.05546875
1 0.81875 0.0234375 0.02109375 0.046875
4 0.7484375 0.6765625 0.0671875 0.275
0 0.32109375 0.39765625 0.01796875 0.03203125
1 0.99453125 0.065625 0.0109375 0.05625
4 0.5890625 0.27578125 0.0421875 0.16796875
3 0.5 0.93828125 1 0.06875