5 0.17890625 0.8640625 0.0671875 0.271875
6 0.53359375 0.9078125 0.44765625 0.0515625
4 0.2984375 0.534375 0.07421875 0.21015625
4 0.5046875 0.359375 0.07109375 0.20078125
5 0.31796875 0.36171875 0.03984375 0.19765625
4 0.86328125 0.7171875 0.0609375 0.3140625
4 0.76328125 0.66015625 0.0640625 0.29921875
5 0.9734375 0.63125 0.053125 0.25390625
4 0.59765625 0.54453125 0.07734375 0.2265625
4 0.11015625 0.48203125 0.059375 0.2375
2 0.6828125 0.28515625 0.03671875 0.06640625
4 0.4828125 0.48046875 0.05625 0.1890625
1 0.74375 0.03203125 0.021875 0.0640625
1 0.97109375 0.08984375 0.040625 0.0703125
4 0.4953125 0.63046875 0.10859375 0.31640625
4 0.48359375 0.69921875 0.11640625 0.23203125
0 0.4328125 0.64921875 0.0171875 0.03359375
4 0.5546875 0.54296875 0.11640625 0.209375
3 0.5015625 0.928125 0.515625 0.09765625
3 0.88828125 0.06328125 0.1296875 0.07734375