6 0.2625 0.9390625 0.4796875 0.0671875
4 0.3234375 0.621875 0.04765625 0.2140625
4 0.5 0.4640625 0.04375 0.17421875
4 0.24140625 0.6921875 0.05078125 0.2375
4 0.38984375 0.4203125 0.034375 0.17734375
1 0.03515625 0.1484375 0.034375 0.046875
4 0.628125 0.52109375 0.0625 0.1609375
5 0.02421875 0.578125 0.03359375 0.20078125
2 0.27265625 0.29921875 0.02890625 0.0578125
5 0.61640625 0.3453125 0.03046875 0.14921875
5 0.7859375 0.7765625 0.05234375 0.23046875
4 0.40703125 0.34609375 0.03671875 0.14296875
1 0.22421875 0.08671875 0.01640625 0.08046875
4 0.64765625 0.4828125 0.0875 0.159375
4 0.703125 0.46953125 0.05078125 0.11875
4 0.73671875 0.50546875 0.04765625 0.16484375
4 0.61796875 0.43359375 0.028125 0.15703125
0 0.7359375 0.52890625 0.01640625 0.03515625
3 0.5 0.93828125 1 0.06875