4 0.77265625 0.34765625 0.08359375 0.21875
4 0.6875 0.5234375 0.07265625 0.23828125
3 0.85234375 0.88203125 0.20390625 0.1109375
6 0.853125 0.8828125 0.203125 0.10859375
4 0.5359375 0.44453125 0.05703125 0.21640625
4 0.55390625 0.6890625 0.0703125 0.23359375
4 0.46328125 0.4828125 0.0421875 0.22265625
4 0.5296875 0.27734375 0.06953125 0.1765625
5 0.015625 0.49765625 0.03125 0.2046875
4 0.3828125 0.21796875 0.03359375 0.18046875
2 0.2 0.1515625 0.0328125 0.0625
5 0.95390625 0.74765625 0.0859375 0.22265625
5 0.54765625 0.14375 0.03515625 0.15703125
0 0.61015625 0.24921875 0.01171875 0.0234375
4 0.39609375 0.15 0.0296875 0.175
4 0.47265625 0.334375 0.053125 0.19375
4 0.59140625 0.23984375 0.04453125 0.14140625