6 0.8671875 0.87421875 0.171875 0.15
4 0.51640625 0.63671875 0.08125 0.20390625
4 0.57890625 0.57578125 0.05390625 0.22421875
4 0.41328125 0.721875 0.0640625 0.25703125
1 0.8125 0.16796875 0.03046875 0.05
4 0.5015625 0.48203125 0.05546875 0.19375
1 0.63671875 0.0984375 0.02265625 0.084375
2 0.584375 0.31796875 0.0296875 0.05859375
4 0.7015625 0.70546875 0.06015625 0.2296875
5 0.06640625 0.7828125 0.040625 0.30625
5 0.8453125 0.61484375 0.03125 0.20859375
5 0.27578125 0.38984375 0.0328125 0.16328125
4 0.0046875 0.57109375 0.009375 0.19453125
4 0.41875 0.6515625 0.04609375 0.24453125
0 0.5671875 0.12421875 0.015625 0.02734375
4 0.6828125 0.6390625 0.0453125 0.23203125
4 0.525 0.540625 0.05078125 0.20859375
4 0.52890625 0.490625 0.04453125 0.16328125
3 0.86796875 0.875 0.1734375 0.1546875