4 0.20625 0.7296875 0.0484375 0.17578125
4 0.20546875 0.73515625 0.04609375 0.24296875
4 0.2421875 0.60859375 0.02265625 0.14765625
4 0.62734375 0.6609375 0.046875 0.190625
4 0.7640625 0.63515625 0.03046875 0.146875
4 0.6265625 0.6375 0.040625 0.16171875
4 0.46640625 0.653125 0.046875 0.17890625
5 0.43359375 0.58125 0.01796875 0.09609375
4 0.3859375 0.62421875 0.0328125 0.146875
2 0.234375 0.48359375 0.0265625 0.03828125
1 0.0640625 0.42109375 0.0265625 0.04453125
1 0.1828125 0.3140625 0.01328125 0.0625