2 0.26015625 0.453125 0.025 0.0375
4 0.23359375 0.7 0.05546875 0.171875
4 0.2625 0.70859375 0.06640625 0.18984375
4 0.32578125 0.54765625 0.025 0.1171875
4 0.31328125 0.57109375 0.0265625 0.11328125
4 0.4390625 0.61015625 0.05546875 0.1515625
5 0.4546875 0.5140625 0.01640625 0.0296875
4 0.4578125 0.590625 0.02734375 0.1515625
4 0.484375 0.596875 0.04375 0.153125
4 0.6265625 0.596875 0.0390625 0.1234375
4 0.75625 0.57890625 0.03203125 0.1546875
4 0.621875 0.5921875 0.03046875 0.1515625
0 0.73125 0.634375 0.01171875 0.01796875
5 0.89609375 0.66796875 0.05234375 0.18984375
5 0.03046875 0.6546875 0.03828125 0.2015625
1 0.09375 0.3953125 0.0265625 0.046875
1 0.2078125 0.28671875 0.01328125 0.0625