2 0.253125 0.44765625 0.01875 0.0375
4 0.3703125 0.59375 0.03671875 0.16015625
4 0.37109375 0.5421875 0.03671875 0.10859375
4 0.3078125 0.56640625 0.03828125 0.10859375
5 0.45 0.540625 0.02109375 0.0953125
4 0.41171875 0.60703125 0.0390625 0.17421875
4 0.50390625 0.60859375 0.0609375 0.134375
4 0.525 0.61640625 0.0515625 0.15
4 0.5859375 0.6015625 0.034375 0.1734375
4 0.4921875 0.55625 0.02421875 0.11796875
5 0.7140625 0.6734375 0.04453125 0.20234375
5 0.01640625 0.66015625 0.02890625 0.21640625
4 0.41875 0.5703125 0.02421875 0.1234375
4 0.62578125 0.621875 0.05625 0.17734375
1 0.20390625 0.28125 0.0140625 0.0625
1 0.08984375 0.3890625 0.0265625 0.046875