2 0.26640625 0.45390625 0.0234375 0.0375
4 0.21953125 0.7015625 0.0515625 0.1640625
4 0.253125 0.7109375 0.0484375 0.19609375
4 0.31875 0.55078125 0.0203125 0.11953125
4 0.32421875 0.56796875 0.0234375 0.115625
4 0.5359375 0.615625 0.04140625 0.1703125
5 0.4640625 0.54765625 0.01875 0.0953125
4 0.546875 0.59453125 0.028125 0.16015625
4 0.65546875 0.590625 0.02890625 0.16015625
4 0.74609375 0.59921875 0.03125 0.13515625
5 0.01015625 0.68203125 0.0203125 0.228125
1 0.1015625 0.39609375 0.0265625 0.04609375
1 0.215625 0.2875 0.01328125 0.06328125