2 0.25859375 0.45078125 0.0234375 0.0375
4 0.28671875 0.6859375 0.0625 0.1734375
4 0.35859375 0.67890625 0.06796875 0.1828125
4 0.32265625 0.54453125 0.02890625 0.115625
4 0.31328125 0.56953125 0.0265625 0.11328125
4 0.40859375 0.590625 0.0234375 0.14375
5 0.4546875 0.54375 0.01484375 0.0921875
4 0.43359375 0.5921875 0.03515625 0.15390625
4 0.44609375 0.6 0.04921875 0.15859375
4 0.60078125 0.60078125 0.04296875 0.11875
4 0.69296875 0.59140625 0.02734375 0.134375
4 0.55703125 0.578125 0.0296875 0.15234375
0 0.678125 0.56875 0.01171875 0.01953125
5 0.8125 0.665625 0.04375 0.19296875
5 0.03125 0.653125 0.0375 0.20234375
1 0.0921875 0.39296875 0.02578125 0.0453125
1 0.20703125 0.284375 0.0125 0.06171875