4 0.5671875 0.61875 0.04453125 0.1609375
2 0.25625 0.44453125 0.025 0.0375
4 0.35859375 0.59375 0.03125 0.1625
4 0.39296875 0.5484375 0.0359375 0.1
4 0.3234375 0.565625 0.040625 0.11328125
5 0.4484375 0.5390625 0.02265625 0.096875
4 0.41796875 0.60625 0.0390625 0.17421875
4 0.47578125 0.61171875 0.0515625 0.1421875
4 0.5609375 0.61796875 0.0390625 0.13359375
4 0.4765625 0.55625 0.028125 0.1359375
5 0.71328125 0.66875 0.04296875 0.1984375
5 0.01484375 0.65078125 0.0296875 0.19765625
4 0.4296875 0.5703125 0.0453125 0.1296875
4 0.64609375 0.609375 0.05234375 0.1625
0 0.628125 0.6125 0.0109375 0.01953125
1 0.08828125 0.3890625 0.02578125 0.04609375
1 0.203125 0.27890625 0.01328125 0.0625