2 0.26015625 0.45078125 0.025 0.0375
4 0.25859375 0.69765625 0.07578125 0.16953125
4 0.328125 0.69921875 0.07265625 0.2
4 0.32421875 0.546875 0.0265625 0.11796875
4 0.3125 0.56953125 0.0265625 0.11328125
4 0.41640625 0.58828125 0.02265625 0.1453125
5 0.4546875 0.54375 0.01484375 0.0921875
4 0.4375 0.590625 0.0296875 0.14765625
4 0.46015625 0.596875 0.028125 0.15859375
4 0.61171875 0.6 0.03359375 0.12734375
4 0.715625 0.58671875 0.0578125 0.13828125
4 0.57890625 0.584375 0.03125 0.14609375
0 0.70625 0.5734375 0.01171875 0.01875
5 0.84609375 0.66484375 0.0640625 0.18984375
5 0.03203125 0.6515625 0.0375 0.1984375
1 0.09296875 0.39375 0.0265625 0.04609375
1 0.20703125 0.28515625 0.01328125 0.0609375