5 0.06328125 0.534375 0.053125 0.221875
5 0.61484375 0.76640625 0.04609375 0.228125
0 0.84453125 0.33984375 0.01328125 0.01953125
4 0.8578125 0.45078125 0.046875 0.20546875
4 0.8296875 0.365625 0.04296875 0.21875
4 0.7515625 0.46171875 0.08828125 0.2109375
4 0.70078125 0.334375 0.046875 0.21796875
5 0.6609375 0.2390625 0.03984375 0.18046875
4 0.46484375 0.259375 0.06875 0.16484375
4 0.49921875 0.38984375 0.0484375 0.225
4 0.4640625 0.37265625 0.0625 0.22578125
4 0.46484375 0.59609375 0.0390625 0.24921875
4 0.51171875 0.6421875 0.065625 0.26796875
4 0.540625 0.446875 0.078125 0.1640625
2 0.2828125 0.2234375 0.034375 0.06875
1 0.0359375 0.10234375 0.03984375 0.065625
3 0.5 0.84609375 0.4375 0.10703125
6 0.5 0.8640625 0.43671875 0.07265625
3 0.5 0.95 1 0.1