0 0.36953125 0.65859375 0.0234375 0.04296875
5 0.15703125 0.775 0.06796875 0.2875
5 0.340625 0.1453125 0.03984375 0.21484375
4 0.4125 0.2171875 0.07734375 0.23671875
4 0.5453125 0.259375 0.0421875 0.22890625
4 0.63203125 0.44609375 0.06953125 0.26484375
4 0.61796875 0.46953125 0.0875 0.2609375
4 0.57265625 0.5078125 0.075 0.278125
4 0.709375 0.496875 0.06015625 0.29921875
4 0.42890625 0.59765625 0.11015625 0.19921875
4 0.375 0.61484375 0.1078125 0.23828125
4 0.2484375 0.48984375 0.07890625 0.2375
4 0.1578125 0.5453125 0.06328125 0.25703125
2 0.7578125 0.125 0.04375 0.09140625
3 0.5 0.8640625 0.43671875 0.0734375
6 0.5 0.8640625 0.43671875 0.0734375
3 0.5 0.94921875 1 0.1015625