4 0.1546875 0.74765625 0.06015625 0.23046875
4 0.3296875 0.5109375 0.06875 0.20390625
2 0.340625 0.2921875 0.0296875 0.06015625
5 0.33984375 0.34140625 0.02578125 0.14609375
4 0.3828125 0.46328125 0.05546875 0.21484375
4 0.434375 0.4875 0.0375 0.21015625
4 0.47578125 0.51875 0.04140625 0.19609375
4 0.5125 0.6546875 0.0625 0.20234375
4 0.55 0.73984375 0.0578125 0.21171875
5 0.35625 0.80234375 0.05 0.23203125
4 0.70078125 0.42578125 0.03515625 0.18046875
4 0.74453125 0.4203125 0.053125 0.1953125
5 0.89609375 0.3640625 0.0671875 0.16171875
4 0.884375 0.60625 0.05703125 0.2203125
1 0.11328125 0.13359375 0.034375 0.05390625
1 0.2875 0.07265625 0.01796875 0.08515625
3 0.79140625 0.92578125 0.28046875 0.07109375
6 0.77265625 0.92421875 0.24296875 0.0671875