5 0.290625 0.19765625 0.0453125 0.1921875
5 0.38359375 0.79375 0.05703125 0.24609375
5 0.89765625 0.55625 0.046875 0.24375
2 0.67578125 0.178125 0.03671875 0.071875
4 0.2375 0.328125 0.05390625 0.21484375
4 0.3640625 0.4015625 0.04140625 0.24921875
0 0.4359375 0.56640625 0.02109375 0.03671875
4 0.4359375 0.57421875 0.05390625 0.26953125
4 0.4734375 0.5421875 0.11953125 0.2359375
4 0.5140625 0.21171875 0.04140625 0.1921875
4 0.52578125 0.3734375 0.04375 0.2234375
4 0.5890625 0.4828125 0.0546875 0.2390625
4 0.66796875 0.61953125 0.0953125 0.22578125
4 0.7703125 0.65703125 0.0453125 0.24140625
3 0.5 0.84609375 0.4375 0.10703125
6 0.50078125 0.86484375 0.43671875 0.071875
1 0.94453125 0.04921875 0.04453125 0.06875
4 0.6875 0.50703125 0.0671875 0.19375
3 0.5 0.94921875 1 0.1015625
3 0.12421875 0.178125 0.13984375 0.2015625