0 0.5109375 0.37578125 0.01875 0.03359375
4 0.475 0.4046875 0.05546875 0.21796875
5 0.20390625 0.2296875 0.0703125 0.19765625
5 0.95078125 0.7484375 0.08125 0.23515625
4 0.56796875 0.240625 0.040625 0.1953125
4 0.4296875 0.5640625 0.09296875 0.2546875
4 0.484375 0.63125 0.0953125 0.2515625
4 0.340625 0.421875 0.10859375 0.22890625
4 0.24765625 0.41484375 0.059375 0.2296875
4 0.14140625 0.5453125 0.06015625 0.25
4 0.6875 0.40859375 0.065625 0.209375
3 0.5 0.84609375 0.43828125 0.1078125
6 0.5 0.8640625 0.4375 0.07265625
3 0.5 0.94921875 1 0.1015625