2 0.3171875 0.29765625 0.0328125 0.06484375
5 0.278125 0.384375 0.0375 0.18515625
0 0.20078125 0.57734375 0.015625 0.028125
5 0.62421875 0.9046875 0.0421875 0.190625
4 0.25390625 0.46796875 0.059375 0.20390625
4 0.30859375 0.62734375 0.05390625 0.2453125
4 0.446875 0.58828125 0.0453125 0.24921875
4 0.53671875 0.44609375 0.0671875 0.21328125
4 0.7828125 0.87265625 0.10625 0.2546875
4 0.953125 0.7625 0.059375 0.27890625
4 0.9296875 0.4421875 0.0703125 0.22421875
4 0.7875 0.52265625 0.1015625 0.23515625
4 0.71484375 0.4015625 0.0765625 0.19453125
3 0.78984375 0.91015625 0.2796875 0.10625
6 0.77421875 0.9265625 0.24765625 0.07265625
1 0.05703125 0.11796875 0.0390625 0.0609375
1 0.2578125 0.05078125 0.02109375 0.0921875