0 0.828125 0.55625 0.021875 0.040625
2 0.16484375 0.12421875 0.040625 0.08203125
5 0.025 0.2265625 0.05 0.23125
5 0.33359375 0.7734375 0.0640625 0.25390625
4 0.89140625 0.3796875 0.08359375 0.27109375
4 0.78125 0.60390625 0.0796875 0.275
4 0.65390625 0.43515625 0.0921875 0.2359375
4 0.55859375 0.403125 0.08671875 0.27109375
4 0.5234375 0.43203125 0.0640625 0.253125
4 0.565625 0.5390625 0.08359375 0.253125
4 0.3953125 0.15234375 0.07578125 0.2296875
4 0.41484375 0.3 0.04765625 0.275
4 0.1421875 0.65625 0.08671875 0.2375
4 0.0671875 0.7078125 0.08046875 0.28515625
3 0.5 0.846875 0.43671875 0.1109375
6 0.5 0.86328125 0.43671875 0.07421875
3 0.5 0.95 1 0.1