5 0.04140625 0.165625 0.0796875 0.1953125
4 0.31015625 0.17421875 0.06953125 0.23359375
4 0.33203125 0.29609375 0.0921875 0.246875
4 0.50859375 0.55234375 0.0796875 0.20546875
4 0.553125 0.509375 0.10078125 0.2140625
4 0.7265625 0.2265625 0.0625 0.23046875
4 0.76328125 0.32265625 0.090625 0.23125
4 0.81953125 0.6328125 0.090625 0.26328125
4 0.88984375 0.6796875 0.075 0.26640625
5 0.48203125 0.696875 0.0609375 0.24296875
5 0.828125 0.0953125 0.078125 0.190625
3 0.5 0.846875 0.43828125 0.10703125
6 0.50078125 0.8640625 0.4375 0.07265625
3 0.5 0.94921875 1 0.1015625