4 0.7828125 0.690625 0.05390625 0.2359375
0 0.2890625 0.61796875 0.01484375 0.025
4 0.2546875 0.43203125 0.05 0.15546875
5 0.23515625 0.38515625 0.0203125 0.16328125
5 0.58359375 0.8234375 0.046875 0.22109375
5 0.70390625 0.4109375 0.02734375 0.1515625
4 0.4875 0.33359375 0.0546875 0.15546875
4 0.50625 0.43984375 0.0421875 0.16875
4 0.36796875 0.53984375 0.0671875 0.1703125
4 0.28515625 0.61484375 0.05546875 0.2015625
4 0.37890625 0.7953125 0.08359375 0.23125
4 0.4390625 0.59453125 0.0578125 0.16796875
4 0.51328125 0.65546875 0.0546875 0.2109375
4 0.63125 0.53671875 0.05703125 0.2
2 0.65234375 0.3203125 0.02890625 0.05078125
3 0.79140625 0.925 0.28046875 0.0703125
6 0.77265625 0.92421875 0.24453125 0.06796875
1 0.8625 0.16875 0.03046875 0.05078125
1 0.70234375 0.11171875 0.01953125 0.08203125