4 0.44140625 0.58515625 0.07578125 0.28203125
0 0.50625 0.38828125 0.01640625 0.02890625
2 0.3703125 0.33125 0.03828125 0.0734375
5 0.2921875 0.40625 0.04765625 0.1984375
5 0.596875 0.9421875 0.0625 0.115625
4 0.52578125 0.67265625 0.06015625 0.271875
4 0.55625 0.54609375 0.0453125 0.17734375
4 0.5953125 0.525 0.07421875 0.19375
4 0.5953125 0.696875 0.05 0.28984375
4 0.81640625 0.41171875 0.05390625 0.24140625
4 0.5546875 0.41484375 0.09140625 0.2140625
4 0.49765625 0.3796875 0.05703125 0.14453125
3 0.79140625 0.9265625 0.28125 0.07265625
6 0.77265625 0.9265625 0.24375 0.071875
1 0.08984375 0.128125 0.04375 0.0671875
1 0.3078125 0.05546875 0.021875 0.103125