4 0.68046875 0.72265625 0.1078125 0.2640625
4 0.475 0.64609375 0.1 0.3
4 0.2625 0.525 0.09140625 0.29375
4 0.96796875 0.60546875 0.06328125 0.31796875
4 0.14453125 0.7328125 0.06953125 0.32421875
4 0.44375 0.4171875 0.08359375 0.25703125
4 0.53125 0.4984375 0.090625 0.2578125
4 0.86015625 0.5515625 0.10234375 0.284375
4 0.90078125 0.46953125 0.0828125 0.34453125
5 0.43671875 0.31171875 0.0546875 0.24140625
2 0.42109375 0.22578125 0.04609375 0.084375
0 0.22421875 0.48515625 0.02109375 0.0390625
5 0.51640625 0.884375 0.075 0.23125
1 0.08359375 0.01328125 0.046875 0.0265625
3 0.86796875 0.828125 0.17734375 0.1546875
6 0.86796875 0.82890625 0.1671875 0.15078125