5 0.1578125 0.3359375 0.05234375 0.2015625
5 0.3859375 0.746875 0.053125 0.24453125
0 0.5390625 0.33125 0.015625 0.03125
4 0.3140625 0.24296875 0.0359375 0.1984375
2 0.26015625 0.190625 0.03125 0.06796875
4 0.35546875 0.39375 0.0390625 0.2125
4 0.29921875 0.5640625 0.0421875 0.22890625
4 0.45390625 0.5328125 0.05625 0.2609375
4 0.55546875 0.45 0.04609375 0.22734375
4 0.60078125 0.54375 0.0703125 0.25546875
4 0.62578125 0.4515625 0.0578125 0.215625
4 0.68203125 0.30390625 0.0640625 0.21171875
4 0.7484375 0.309375 0.07109375 0.22890625
4 0.83359375 0.51015625 0.0421875 0.22734375
5 0.8125 0.2234375 0.04140625 0.18671875
3 0.50078125 0.84609375 0.4375 0.10546875
6 0.50078125 0.86328125 0.43671875 0.071875
1 0.0125 0.0671875 0.02421875 0.06640625
3 0.5 0.9484375 1 0.103125