5 0.32734375 0.20859375 0.04375 0.18671875
4 0.09765625 0.56171875 0.0640625 0.24609375
2 0.69609375 0.19140625 0.03671875 0.0671875
5 0.578125 0.74375 0.0578125 0.23515625
0 0.20625 0.2921875 0.01875 0.0375
4 0.82734375 0.6609375 0.08046875 0.22734375
4 0.62734375 0.53359375 0.05625 0.20546875
4 0.58984375 0.3703125 0.04375 0.1984375
4 0.55859375 0.40078125 0.0359375 0.21640625
4 0.3515625 0.32734375 0.05625 0.17578125
4 0.35859375 0.46875 0.06796875 0.22890625
4 0.39609375 0.4921875 0.08125 0.22421875
4 0.2625 0.3234375 0.0671875 0.20546875
4 0.3140625 0.515625 0.0421875 0.25078125
3 0.50078125 0.84609375 0.43671875 0.10703125
6 0.5 0.86328125 0.43671875 0.071875
1 0.94375 0.07421875 0.04140625 0.06328125
3 0.5 0.95 1 0.1