4 0.07578125 0.615625 0.07890625 0.221875
4 0.390625 0.52734375 0.03046875 0.2203125
4 0.27578125 0.8171875 0.0453125 0.2421875
4 0.4828125 0.69453125 0.0390625 0.2453125
4 0.621875 0.428125 0.0546875 0.2
4 0.6984375 0.45546875 0.0484375 0.2328125
4 0.73828125 0.50859375 0.05 0.23203125
4 0.76328125 0.5546875 0.04296875 0.23515625
4 0.653125 0.546875 0.04296875 0.23046875
4 0.725 0.74296875 0.09375 0.25078125
5 0.30078125 0.36875 0.040625 0.175
0 0.7125 0.26328125 0.0125 0.01953125
2 0.71015625 0.2671875 0.0234375 0.03828125
3 0.5 0.9390625 1 0.06875
6 0.26171875 0.93984375 0.47890625 0.06875
1 0.9515625 0.10859375 0.034375 0.05859375
1 0.76484375 0.05078125 0.0234375 0.08828125
5 0.25859375 0.8875 0.0609375 0.225