5 0.0328125 0.27109375 0.065625 0.1234375
4 0.29296875 0.0734375 0.07578125 0.14609375
4 0.35390625 0.240625 0.05078125 0.2265625
4 0.21484375 0.5140625 0.0703125 0.21015625
4 0.2765625 0.5296875 0.08125 0.2484375
4 0.3515625 0.665625 0.1375 0.25625
4 0.5875 0.5328125 0.07578125 0.190625
4 0.56796875 0.696875 0.1 0.20078125
4 0.75390625 0.821875 0.13125 0.15546875
4 0.73125 0.10859375 0.06015625 0.1875
5 0.9 0.0671875 0.10703125 0.134375
2 0.50546875 0.7578125 0.09765625 0.178125
0 0.553125 0.5078125 0.0265625 0.0484375