4 0.23828125 0.84609375 0.08203125 0.30703125
4 0.31796875 0.53359375 0.05859375 0.2859375
4 0.34140625 0.5375 0.06875 0.3125
4 0.27265625 0.55859375 0.08359375 0.2828125
4 0.3921875 0.5203125 0.07734375 0.28125
4 0.4953125 0.7234375 0.07578125 0.365625
4 0.6734375 0.64296875 0.08828125 0.28984375
4 0.7796875 0.52578125 0.059375 0.2703125
4 0.8625 0.82421875 0.11484375 0.31875
5 0.32734375 0.30546875 0.04140625 0.21796875
5 0.36640625 0.8890625 0.07109375 0.221875
2 0.36015625 0.24765625 0.0390625 0.08828125
0 0.3640625 0.234375 0.0171875 0.03515625
1 0.040625 0.0265625 0.05 0.053125
3 0.79140625 0.92421875 0.28203125 0.06875
6 0.77265625 0.92421875 0.24453125 0.06875