5 0.31171875 0.9046875 0.06484375 0.190625
0 0.86171875 0.54140625 0.0203125 0.03359375
4 0.89375 0.7 0.06875 0.265625
5 0.88984375 0.39921875 0.03984375 0.18046875
4 0.76640625 0.44375 0.06328125 0.2359375
4 0.69453125 0.4796875 0.06328125 0.215625
4 0.5421875 0.359375 0.08671875 0.17734375
4 0.4453125 0.39921875 0.04921875 0.21796875
4 0.334375 0.62890625 0.0671875 0.29296875
4 0.37421875 0.5703125 0.0609375 0.24296875
4 0.4921875 0.60234375 0.05390625 0.2640625
4 0.63203125 0.76640625 0.11328125 0.275
4 0.1953125 0.6546875 0.04609375 0.253125
2 0.2828125 0.31953125 0.0390625 0.0734375
5 0.20703125 0.41953125 0.046875 0.2109375
3 0.790625 0.92578125 0.28203125 0.07421875
6 0.77265625 0.92578125 0.24609375 0.071875
1 0.01015625 0.1234375 0.0203125 0.0625
1 0.21875 0.04921875 0.021875 0.0984375