0 0.7578125 0.3796875 0.015625 0.0296875
5 0.728125 0.2140625 0.04296875 0.18984375
4 0.496875 0.2109375 0.0421875 0.19140625
5 0.0421875 0.57890625 0.03515625 0.2171875
5 0.6171875 0.70546875 0.06015625 0.1765625
4 0.81171875 0.39765625 0.08515625 0.203125
4 0.4484375 0.3171875 0.04375 0.1921875
4 0.4171875 0.365625 0.05234375 0.2125
4 0.45546875 0.39140625 0.07421875 0.21875
4 0.54921875 0.4859375 0.05625 0.225
4 0.60859375 0.5015625 0.0671875 0.221875
4 0.62421875 0.40859375 0.0484375 0.21640625
4 0.1890625 0.6734375 0.0453125 0.23203125
4 0.27890625 0.58671875 0.07578125 0.2140625
2 0.34296875 0.19375 0.0328125 0.07265625
1 0.09765625 0.07265625 0.0375 0.0640625
3 0.5 0.84609375 0.43828125 0.109375
6 0.5 0.86484375 0.4375 0.07109375
3 0.5 0.95 1 0.1