0 0.4125 0.3546875 0.0140625 0.02421875
4 0.41328125 0.43125 0.0453125 0.19921875
4 0.403125 0.4515625 0.05703125 0.20390625
4 0.428125 0.475 0.05703125 0.30390625
2 0.4 0.2984375 0.03046875 0.06328125
5 0.36640625 0.384375 0.0359375 0.171875
4 0.31015625 0.51328125 0.06171875 0.24453125
4 0.54296875 0.4921875 0.04296875 0.20546875
4 0.72421875 0.36796875 0.07265625 0.22109375
4 0.89140625 0.50859375 0.05703125 0.21640625
4 0.70078125 0.61171875 0.040625 0.25546875
4 0.9953125 0.51640625 0.009375 0.2
5 0.86796875 0.43125 0.0359375 0.17265625
3 0.5 0.9390625 1 0.06796875
6 0.2625 0.93984375 0.47890625 0.0671875
4 0.84453125 0.63515625 0.05078125 0.2375
1 0.16484375 0.13359375 0.034375 0.05390625
1 0.35078125 0.06796875 0.02109375 0.0828125
5 0.425 0.815625 0.05703125 0.265625