0 0.4140625 0.34375 0.02109375 0.03828125
5 0.4890625 0.86796875 0.05390625 0.2640625
4 0.6453125 0.3546875 0.078125 0.21015625
4 0.4625 0.51484375 0.05859375 0.265625
5 0.37578125 0.36328125 0.05 0.2140625
4 0.540625 0.53828125 0.05546875 0.253125
4 0.4234375 0.63359375 0.0609375 0.2859375
4 0.04375 0.834375 0.0765625 0.2890625
2 0.453125 0.2765625 0.04140625 0.05546875
4 0.52265625 0.46875 0.04921875 0.253125
4 0.51328125 0.48671875 0.0703125 0.259375
1 0.159375 0.07578125 0.03984375 0.06796875
1 0.39296875 0.02734375 0.02265625 0.05390625
3 0.85234375 0.84296875 0.20390625 0.1
6 0.85234375 0.84140625 0.1921875 0.0953125
3 0.90703125 0.07578125 0.08359375 0.05234375