4 0.34375 0.3671875 0.08359375 0.18671875
4 0.528125 0.45390625 0.06015625 0.1453125
4 0.5984375 0.44921875 0.0359375 0.20859375
4 0.665625 0.4953125 0.06328125 0.20078125
0 0.659375 0.6046875 0.02265625 0.03046875
4 0.7609375 0.61640625 0.06640625 0.18125
5 0.71640625 0.3640625 0.02109375 0.1765625
5 0.021875 0.3703125 0.04375 0.165625
4 0.553125 0.515625 0.0484375 0.13125
4 0.5453125 0.60625 0.08515625 0.19375
4 0.61484375 0.6234375 0.0890625 0.23515625
4 0.44921875 0.5484375 0.034375 0.2203125
2 0.66484375 0.30625 0.03125 0.065625
1 0.915625 0.19453125 0.040625 0.06328125
1 0.7421875 0.05234375 0.01640625 0.103125
3 0.50078125 0.846875 0.4375 0.1109375
6 0.5 0.86484375 0.43671875 0.06953125
3 0.5 0.94921875 1 0.1015625