5 0.2265625 0.38046875 0.0359375 0.1875
5 0.46953125 0.8609375 0.05234375 0.23984375
0 0.75625 0.74296875 0.01953125 0.0328125
2 0.28515625 0.2703125 0.0328125 0.06171875
4 0.44609375 0.28671875 0.04765625 0.1890625
4 0.40234375 0.43046875 0.03828125 0.21484375
4 0.3578125 0.73203125 0.0859375 0.20859375
4 0.33515625 0.74140625 0.078125 0.24921875
4 0.64140625 0.35625 0.04453125 0.18125
4 0.57109375 0.45078125 0.04765625 0.20625
4 0.68125 0.71484375 0.084375 0.184375
4 0.771875 0.75078125 0.08671875 0.2328125
4 0.7953125 0.5234375 0.05 0.2109375
4 0.9328125 0.46015625 0.0546875 0.20859375
5 0.94453125 0.34375 0.0328125 0.17578125
3 0.79140625 0.92578125 0.28203125 0.07421875
6 0.77265625 0.92578125 0.24375 0.07265625
1 0.0234375 0.09453125 0.04140625 0.06015625
1 0.2234375 0.03671875 0.02421875 0.07265625