5 0.5703125 0.903125 0.059375 0.19375
2 0.4921875 0.33515625 0.0453125 0.0765625
4 0.30859375 0.69375 0.08515625 0.25078125
4 0.4703125 0.57578125 0.03828125 0.2765625
4 0.47578125 0.6609375 0.0671875 0.303125
4 0.63671875 0.5921875 0.05625 0.28125
4 0.66171875 0.434375 0.06171875 0.23515625
4 0.909375 0.61015625 0.05859375 0.30078125
0 0.4828125 0.33984375 0.0203125 0.0359375
1 0.18984375 0.1171875 0.040625 0.07578125
1 0.4328125 0.04140625 0.028125 0.0828125
3 0.84296875 0.86953125 0.22109375 0.08828125
6 0.83125 0.8703125 0.14921875 0.08671875
4 0.68046875 0.40390625 0.0328125 0.22265625