5 0.76015625 0.765625 0.1625 0.46875
4 0.871875 0.43671875 0.0703125 0.228125
4 0.96953125 0.55 0.0609375 0.421875
4 0.7625 0.43984375 0.0953125 0.21953125
4 0.43671875 0.51484375 0.14609375 0.28984375
4 0.053125 0.46015625 0.103125 0.2828125
4 0.246875 0.6875 0.23515625 0.52265625
4 0.384375 0.52578125 0.11015625 0.259375
4 0.43515625 0.51328125 0.08671875 0.21640625
0 0.40078125 0.51640625 0.0234375 0.04296875
6 0.77265625 0.92421875 0.24375 0.06796875
5 0.175 0.45234375 0.05703125 0.18125
3 0.790625 0.92421875 0.28046875 0.0671875