4 0.0265625 0.5859375 0.053125 0.26796875
4 0.0609375 0.8171875 0.09609375 0.29375
4 0.20390625 0.63828125 0.040625 0.28046875
4 0.3828125 0.4 0.05859375 0.21875
4 0.39453125 0.47421875 0.075 0.240625
5 0.565625 0.3 0.034375 0.19296875
4 0.72109375 0.48125 0.09453125 0.2171875
0 0.53125 0.46640625 0.0171875 0.03046875
2 0.5515625 0.25234375 0.0375 0.06953125
3 0.86796875 0.815625 0.17734375 0.17890625
6 0.8671875 0.8296875 0.165625 0.15
1 0.8359375 0.04921875 0.03984375 0.065625
1 0.6125 0.01875 0.0203125 0.03671875