5 0.19296875 0.34140625 0.0421875 0.196875
5 0.440625 0.77578125 0.0515625 0.234375
5 0.86484375 0.25546875 0.040625 0.19453125
0 0.7828125 0.36796875 0.01875 0.03515625
4 0.67265625 0.2703125 0.0359375 0.1765625
4 0.7875 0.49453125 0.04921875 0.26484375
4 0.696875 0.5125 0.0640625 0.21328125
4 0.6421875 0.5140625 0.04140625 0.2671875
4 0.61171875 0.38359375 0.040625 0.21484375
4 0.48671875 0.31953125 0.05625 0.20234375
4 0.35703125 0.30625 0.04453125 0.1984375
4 0.3578125 0.39140625 0.04921875 0.221875
4 0.23046875 0.54453125 0.065625 0.21484375
4 0.2625 0.72421875 0.08203125 0.21875
2 0.3140625 0.2140625 0.03046875 0.06484375
6 0.50078125 0.865625 0.4375 0.07265625
1 0.06875 0.09296875 0.0390625 0.06328125
3 0.5 0.95 1 0.1
3 0.5 0.84609375 0.4375 0.10703125