5 0.146875 0.61640625 0.04375 0.2140625
5 0.83828125 0.25703125 0.04140625 0.190625
2 0.4546875 0.22578125 0.034375 0.06796875
4 0.58984375 0.38046875 0.059375 0.2015625
4 0.7203125 0.4078125 0.0484375 0.2171875
4 0.7484375 0.56484375 0.09609375 0.29296875
4 0.52265625 0.6078125 0.0734375 0.2546875
4 0.38046875 0.64765625 0.06015625 0.2546875
4 0.33046875 0.56484375 0.0921875 0.2265625
4 0.2484375 0.67890625 0.06640625 0.25390625
4 0.2046875 0.69921875 0.05703125 0.2546875
0 0.17421875 0.6984375 0.0203125 0.034375
3 0.790625 0.92265625 0.28203125 0.0703125
6 0.771875 0.92421875 0.24453125 0.06796875
1 0.2078125 0.0390625 0.03671875 0.0625
1 0.403125 0.01015625 0.01875 0.0203125