5 0.39296875 0.871875 0.06015625 0.25546875
4 0.30546875 0.78828125 0.0734375 0.28125
4 0.9875 0.62890625 0.025 0.3203125
5 0.98671875 0.340625 0.02578125 0.19140625
5 0.35546875 0.3 0.03125 0.1859375
2 0.38671875 0.24375 0.0375 0.05625
0 0.4046875 0.2953125 0.01796875 0.03046875
4 0.38828125 0.4421875 0.0390625 0.23515625
4 0.403125 0.45546875 0.0515625 0.26640625
4 0.4578125 0.6734375 0.08125 0.28046875
4 0.475 0.50078125 0.03671875 0.2421875
4 0.48984375 0.4484375 0.07421875 0.25
4 0.540625 0.49921875 0.0828125 0.18671875
4 0.6046875 0.28515625 0.05390625 0.21484375
4 0.60859375 0.53671875 0.06640625 0.24296875
3 0.79140625 0.92578125 0.28203125 0.071875
6 0.77265625 0.92578125 0.24296875 0.07265625
1 0.325 0.0140625 0.021875 0.028125
1 0.10546875 0.0484375 0.04375 0.06953125