5 0.746875 0.221875 0.03984375 0.21640625
4 0.071875 0.175 0.0625 0.2390625
4 0.09375 0.39921875 0.05546875 0.259375
4 0.215625 0.59609375 0.11484375 0.24453125
5 0.15859375 0.7875 0.0609375 0.28515625
4 0.35859375 0.56796875 0.06953125 0.28359375
4 0.4359375 0.28828125 0.0546875 0.26640625
4 0.459375 0.278125 0.05234375 0.203125
4 0.6390625 0.5125 0.071875 0.25078125
4 0.74296875 0.509375 0.05859375 0.2328125
0 0.73125 0.39765625 0.02109375 0.0359375
3 0.5 0.84609375 0.4375 0.1078125
6 0.5 0.86328125 0.4375 0.07265625
4 0.3625 0.43125 0.05390625 0.23828125
3 0.5 0.94921875 1 0.1015625