2 0.3859375 0.35078125 0.03203125 0.06484375
5 0.353125 0.39375 0.03046875 0.15390625
5 0.45078125 0.896875 0.053125 0.20625
5 0.940625 0.4234375 0.0375 0.16875
4 0.96875 0.5375 0.04140625 0.2015625
4 0.5953125 0.371875 0.05234375 0.15859375
4 0.503125 0.48203125 0.05859375 0.1703125
4 0.4875 0.4984375 0.04609375 0.2046875
4 0.5875 0.54765625 0.053125 0.2078125
4 0.440625 0.57421875 0.0484375 0.20390625
4 0.3609375 0.62578125 0.06015625 0.20546875
4 0.3515625 0.6390625 0.0609375 0.22734375
6 0.77265625 0.9234375 0.24453125 0.06796875
1 0.15078125 0.18203125 0.0359375 0.0546875
1 0.334375 0.1171875 0.01875 0.0875
4 0.503125 0.359375 0.05 0.16953125
3 0.79140625 0.92578125 0.28125 0.071875