0 0.165625 0.409375 0.015625 0.0328125
4 0.146875 0.43046875 0.0515625 0.24609375
5 0.2890625 0.309375 0.0375 0.16953125
4 0.5390625 0.39296875 0.04609375 0.24921875
4 0.89609375 0.4765625 0.06796875 0.24609375
4 0.56953125 0.63984375 0.0609375 0.253125
4 0.928125 0.43984375 0.04140625 0.2609375
4 0.93515625 0.271875 0.05703125 0.2171875
5 0.63671875 0.84453125 0.0578125 0.2765625
3 0.79140625 0.92421875 0.28046875 0.07265625
6 0.771875 0.92421875 0.24296875 0.06953125
2 0.29140625 0.221875 0.034375 0.06484375
1 0.0234375 0.03359375 0.04296875 0.06328125
1 0.23203125 0.00703125 0.01875 0.0140625