2 0.34140625 0.27421875 0.034375 0.05625
5 0.2515625 0.40234375 0.0390625 0.18671875
5 0.6734375 0.30078125 0.0390625 0.15703125
5 0.6953125 0.86484375 0.05078125 0.203125
0 0.7046875 0.4734375 0.0140625 0.02890625
4 0.68515625 0.4703125 0.0828125 0.165625
4 0.65078125 0.43515625 0.06484375 0.22578125
4 0.66875 0.38515625 0.040625 0.1671875
4 0.746875 0.365625 0.03359375 0.16875
4 0.79296875 0.6921875 0.06640625 0.234375
4 0.64609375 0.584375 0.04375 0.2203125
4 0.43125 0.4671875 0.06953125 0.20078125
4 0.340625 0.55234375 0.04921875 0.2078125
4 0.2875 0.51953125 0.03671875 0.2203125
4 0.1296875 0.7109375 0.065625 0.2375
3 0.79140625 0.92421875 0.28046875 0.07109375
6 0.77265625 0.92421875 0.24296875 0.06796875
1 0.1171875 0.11796875 0.03515625 0.05234375
1 0.2921875 0.05703125 0.0171875 0.08515625