2 0.63984375 0.31484375 0.03203125 0.06015625
5 0.6453125 0.3859375 0.0296875 0.153125
4 0.021875 0.3953125 0.04375 0.20625
4 0.01484375 0.54765625 0.02890625 0.17890625
4 0.04921875 0.596875 0.0703125 0.23125
4 0.1890625 0.84765625 0.10546875 0.23125
5 0.19375 0.91484375 0.071875 0.1703125
0 0.725 0.4703125 0.0125 0.02578125
4 0.73984375 0.49296875 0.03828125 0.20078125
4 0.5609375 0.5375 0.046875 0.23046875
4 0.5859375 0.5625 0.05 0.22109375
1 0.6921875 0.0796875 0.0234375 0.09296875
1 0.87109375 0.14375 0.03359375 0.05625
3 0.7921875 0.903125 0.28359375 0.1125
6 0.77265625 0.92578125 0.24375 0.065625