5 0.75703125 0.8890625 0.0625 0.221875
4 0.69375 0.42421875 0.0453125 0.17734375
4 0.5953125 0.671875 0.053125 0.19140625
0 0.5765625 0.659375 0.01796875 0.03359375
4 0.575 0.6328125 0.08203125 0.16484375
4 0.625 0.4859375 0.05234375 0.16875
4 0.3984375 0.3625 0.040625 0.1703125
4 0.38515625 0.42890625 0.034375 0.1609375
4 0.3890625 0.56953125 0.0421875 0.17265625
4 0.3515625 0.55546875 0.05390625 0.203125
4 0.27578125 0.6390625 0.05703125 0.2078125
4 0.16875 0.7171875 0.05234375 0.25625
5 0.07109375 0.58125 0.03828125 0.2078125
5 0.60546875 0.33515625 0.0265625 0.13125
2 0.303125 0.3078125 0.03125 0.05546875
3 0.79140625 0.92578125 0.28203125 0.071875
6 0.77265625 0.92421875 0.24296875 0.0671875
1 0.0828125 0.159375 0.03359375 0.05
1 0.25390625 0.09921875 0.0203125 0.08125