4 0.04375 0.6359375 0.05703125 0.24296875
4 0.13046875 0.57421875 0.05625 0.19921875
5 0.35859375 0.71015625 0.04921875 0.19765625
5 0.1625 0.34140625 0.03671875 0.13828125
2 0.203125 0.27109375 0.02421875 0.05
4 0.3078125 0.31953125 0.02734375 0.121875
4 0.33671875 0.365625 0.04453125 0.1234375
4 0.57734375 0.321875 0.02578125 0.15234375
4 0.58671875 0.30390625 0.0328125 0.13203125
4 0.60078125 0.3984375 0.05078125 0.165625
4 0.63515625 0.346875 0.03671875 0.1828125
0 0.65 0.26796875 0.0125 0.02109375
4 0.7734375 0.40703125 0.0421875 0.12421875
4 0.82734375 0.43671875 0.05390625 0.11953125
5 0.78984375 0.3125 0.02734375 0.14296875
1 0.15546875 0.08359375 0.0203125 0.071875
3 0.5015625 0.92890625 0.5140625 0.096875
6 0.534375 0.9078125 0.446875 0.05234375