5 0.275 0.77578125 0.04453125 0.24296875
5 0.92890625 0.54765625 0.03828125 0.2421875
2 0.68359375 0.15703125 0.03359375 0.07421875
4 0.6015625 0.38046875 0.04921875 0.16875
4 0.60703125 0.5171875 0.11171875 0.25078125
4 0.6328125 0.5125 0.059375 0.2609375
4 0.44140625 0.63828125 0.0859375 0.2234375
4 0.33203125 0.6828125 0.08515625 0.2234375
4 0.19453125 0.3890625 0.08125 0.2203125
0 0.3234375 0.6640625 0.0140625 0.03046875
4 0.34140625 0.2578125 0.0609375 0.20625
4 0.4125 0.284375 0.05078125 0.1859375
4 0.41796875 0.36015625 0.06328125 0.14453125
4 0.40703125 0.39296875 0.11328125 0.196875
1 0.93671875 0.0328125 0.0421875 0.065625
3 0.5 0.846875 0.43828125 0.1078125
6 0.5 0.8640625 0.4375 0.071875
5 0.41171875 0.16328125 0.03828125 0.18203125
3 0.5 0.94921875 1 0.1015625