2 0.7796875 0.296875 0.03203125 0.05625
4 0.72265625 0.53203125 0.0671875 0.2234375
4 0.675 0.62734375 0.07890625 0.35859375
0 0.26015625 0.50390625 0.01953125 0.0265625
4 0.2828125 0.52265625 0.06484375 0.1421875
4 0.3296875 0.51953125 0.03515625 0.14296875
4 0.35625 0.5 0.0796875 0.18203125
4 0.3140625 0.6171875 0.1046875 0.3421875
4 0.4640625 0.521875 0.0625 0.15859375
4 0.47421875 0.55 0.0828125 0.2296875
4 0.62734375 0.5578125 0.075 0.27109375
5 0.97109375 0.63125 0.05703125 0.33984375
3 0.79140625 0.92421875 0.2796875 0.0703125
6 0.77265625 0.92421875 0.24375 0.06875
1 0.95625 0.1671875 0.02109375 0.0484375
1 0.825 0.07578125 0.03046875 0.084375
5 0.6859375 0.44296875 0.02578125 0.1078125