5 0.1609375 0.265625 0.0421875 0.17265625
4 0.06171875 0.4703125 0.03984375 0.196875
4 0.41015625 0.43671875 0.0546875 0.19921875
4 0.54296875 0.24296875 0.0328125 0.14375
4 0.715625 0.52734375 0.06171875 0.1953125
5 0.6171875 0.73125 0.03984375 0.196875
4 0.8703125 0.6328125 0.06328125 0.203125
4 0.62265625 0.41328125 0.0640625 0.1765625
4 0.61484375 0.44296875 0.05 0.17734375
4 0.62265625 0.32734375 0.028125 0.12421875
4 0.64453125 0.3421875 0.04453125 0.2125
5 0.70703125 0.2875 0.0359375 0.16171875
2 0.628125 0.21015625 0.02890625 0.03828125
3 0.5015625 0.9296875 0.5140625 0.0984375
6 0.53359375 0.90703125 0.44765625 0.05078125
1 0.86015625 0.06171875 0.0328125 0.04765625
1 0.678125 0.0265625 0.015625 0.053125
4 0.60390625 0.38046875 0.03046875 0.19453125
0 0.65390625 0.2703125 0.01328125 0.021875