0 0.4703125 0.49765625 0.0203125 0.0359375
5 0.1765625 0.3421875 0.053125 0.1953125
5 0.69375 0.32421875 0.03828125 0.2078125
5 0.48984375 0.89921875 0.04609375 0.2015625
4 0.71875 0.76640625 0.0640625 0.240625
4 0.60703125 0.71015625 0.09609375 0.284375
4 0.54765625 0.70078125 0.05546875 0.275
4 0.65078125 0.528125 0.07578125 0.23828125
4 0.4953125 0.27109375 0.040625 0.21171875
4 0.5125 0.3484375 0.0640625 0.21171875
4 0.5265625 0.478125 0.06328125 0.2234375
4 0.465625 0.49453125 0.06953125 0.184375
4 0.27265625 0.58671875 0.06953125 0.2515625
4 0.1203125 0.640625 0.0734375 0.27421875
1 0.9234375 0.0625 0.0390625 0.065625
1 0.71796875 0.021875 0.0234375 0.04375
2 0.65703125 0.2578125 0.034375 0.06484375
3 0.79140625 0.92734375 0.28125 0.075
6 0.771875 0.92734375 0.2421875 0.071875