0 0.31328125 0.48203125 0.028125 0.04609375
5 0.29296875 0.3546875 0.0828125 0.29453125
2 0.4140625 0.19453125 0.05078125 0.10234375
4 0.3765625 0.54921875 0.12734375 0.33515625
4 0.278125 0.6828125 0.08515625 0.38125
4 0.53984375 0.3578125 0.0703125 0.315625
4 0.5921875 0.44375 0.0515625 0.325
4 0.5890625 0.5609375 0.11875 0.3140625
4 0.67734375 0.53046875 0.0984375 0.33515625
4 0.90625 0.615625 0.1359375 0.34296875
4 0.81171875 0.678125 0.11015625 0.38125
3 0.790625 0.92578125 0.28203125 0.07265625
6 0.771875 0.92421875 0.24375 0.06875