5 0.54375 0.19765625 0.04140625 0.1859375
4 0.7015625 0.60859375 0.0546875 0.23828125
4 0.67578125 0.46171875 0.11328125 0.16875
4 0.640625 0.440625 0.0671875 0.2078125
5 0.5296875 0.72265625 0.05546875 0.22578125
0 0.69140625 0.44609375 0.01640625 0.034375
2 0.2859375 0.17265625 0.03125 0.07265625
4 0.20703125 0.6140625 0.0671875 0.21875
4 0.3296875 0.4640625 0.0359375 0.25
4 0.3859375 0.3671875 0.04609375 0.225
4 0.4140625 0.32578125 0.05703125 0.21796875
4 0.49140625 0.384375 0.05234375 0.18203125
4 0.440625 0.4265625 0.05390625 0.22421875
4 0.49609375 0.54609375 0.065625 0.2
1 0.0421875 0.04921875 0.040625 0.06484375
3 0.5 0.846875 0.43828125 0.109375
6 0.5 0.8640625 0.4375 0.0734375
3 0.5 0.95 1 0.1