4 0.4 0.73984375 0.06171875 0.2453125
0 0.4234375 0.6515625 0.01953125 0.03359375
5 0.321875 0.7734375 0.07890625 0.2203125
5 0.30234375 0.30546875 0.03046875 0.1484375
2 0.2984375 0.2640625 0.03125 0.0625
5 0.87109375 0.328125 0.0484375 0.1671875
4 0.77109375 0.44296875 0.0546875 0.21875
4 0.6484375 0.46171875 0.05390625 0.19765625
4 0.4578125 0.615625 0.08359375 0.16484375
4 0.36875 0.57421875 0.053125 0.18125
4 0.34921875 0.5796875 0.0328125 0.2375
4 0.4078125 0.31953125 0.03515625 0.1640625
4 0.4265625 0.33828125 0.06875 0.14609375
4 0.4671875 0.36015625 0.06953125 0.171875
4 0.43203125 0.3953125 0.0484375 0.17265625
3 0.790625 0.925 0.28125 0.071875
6 0.771875 0.92421875 0.2453125 0.0671875
1 0.06875 0.1046875 0.0359375 0.0546875
1 0.24453125 0.04609375 0.01953125 0.08359375