0 0.38203125 0.37890625 0.021875 0.0390625
2 0.3890625 0.371875 0.04296875 0.07734375
4 0.4453125 0.52734375 0.05390625 0.2984375
4 0.665625 0.3765625 0.0625 0.23828125
4 0.82890625 0.85234375 0.0578125 0.2953125
4 0.38515625 0.68515625 0.06953125 0.29296875
4 0.32265625 0.84296875 0.1015625 0.18984375
5 0.8859375 0.3875 0.0609375 0.253125
1 0.0265625 0.140625 0.053125 0.078125
1 0.31484375 0.06171875 0.021875 0.1234375
3 0.14453125 0.88515625 0.253125 0.17265625
6 0.14453125 0.88515625 0.253125 0.1703125
5 0.209375 0.73828125 0.04296875 0.26953125