5 0.89375 0.53984375 0.05 0.2171875
5 0.41015625 0.31171875 0.06875 0.16875
5 0.2625 0.9125 0.040625 0.175
4 0.2125 0.6875 0.05703125 0.2453125
4 0.12734375 0.4796875 0.04375 0.225
4 0.42109375 0.4359375 0.06015625 0.16796875
4 0.38671875 0.53515625 0.0625 0.2359375
4 0.4703125 0.390625 0.0484375 0.19140625
4 0.4859375 0.41796875 0.08515625 0.1875
4 0.640625 0.4921875 0.05078125 0.2140625
4 0.63671875 0.60859375 0.04765625 0.2515625
4 0.596875 0.809375 0.0609375 0.29375
4 0.81328125 0.5890625 0.05078125 0.2703125
2 0.68984375 0.29609375 0.03203125 0.06875
1 0.93359375 0.11875 0.0359375 0.06015625
1 0.746875 0.0546875 0.02421875 0.09609375
3 0.79140625 0.92421875 0.28046875 0.06875
6 0.77265625 0.92421875 0.24375 0.0671875