5 0.38125 0.8234375 0.04375 0.215625
4 0.01484375 0.6421875 0.0296875 0.253125
4 0.1609375 0.54921875 0.0453125 0.228125
4 0.27109375 0.41015625 0.03671875 0.1796875
4 0.30546875 0.55859375 0.05546875 0.21328125
4 0.3828125 0.5140625 0.04140625 0.1734375
4 0.378125 0.6 0.0703125 0.22265625
4 0.45859375 0.37734375 0.0390625 0.15859375
4 0.51640625 0.50546875 0.0375 0.1921875
4 0.75546875 0.48359375 0.046875 0.18046875
0 0.7828125 0.4703125 0.0171875 0.02890625
4 0.8125 0.5328125 0.059375 0.21015625
3 0.790625 0.903125 0.28046875 0.11328125
6 0.771875 0.925 0.2421875 0.06875