5 0.475 0.8890625 0.06015625 0.22109375
4 0.2671875 0.80703125 0.0859375 0.28828125
0 0.35 0.27734375 0.01875 0.0359375
2 0.3640625 0.27578125 0.034375 0.06484375
5 0.2984375 0.375 0.03828125 0.1796875
4 0.8125 0.44765625 0.03984375 0.228125
4 0.75703125 0.67265625 0.05078125 0.25703125
4 0.38671875 0.465625 0.06015625 0.32734375
4 0.36875 0.45390625 0.03515625 0.33046875
4 0.35703125 0.66484375 0.06015625 0.29296875
3 0.79140625 0.92421875 0.2796875 0.0703125
6 0.77265625 0.92421875 0.2421875 0.06953125
1 0.09453125 0.08125 0.0421875 0.06875
1 0.30390625 0.03125 0.0203125 0.0625