4 0.55546875 0.54375 0.09765625 0.1828125
4 0.3375 0.39140625 0.0421875 0.1921875
4 0.87734375 0.57734375 0.0609375 0.18984375
4 0.5828125 0.43984375 0.05234375 0.18671875
4 0.4421875 0.37890625 0.0625 0.2
4 0.3546875 0.62109375 0.06953125 0.16875
5 0.01640625 0.56015625 0.0328125 0.21640625
5 0.36171875 0.7796875 0.10078125 0.24453125
4 0.815625 0.34765625 0.0328125 0.1953125
4 0.3671875 0.6078125 0.08359375 0.18046875
4 0.3328125 0.3578125 0.0359375 0.19765625
4 0.509375 0.28515625 0.04140625 0.18046875
5 0.66484375 0.30390625 0.0375 0.17578125
0 0.38203125 0.61953125 0.02109375 0.03125
2 0.30859375 0.24375 0.03046875 0.05546875
3 0.1671875 0.86953125 0.25859375 0.11484375
6 0.1671875 0.86953125 0.259375 0.1140625
1 0.0515625 0.075 0.0375 0.05625
1 0.25390625 0.02578125 0.01796875 0.0515625