0 0.58671875 0.18125 0.01953125 0.03203125
2 0.584375 0.171875 0.0359375 0.0515625
4 0.62109375 0.346875 0.0734375 0.265625
4 0.58515625 0.346875 0.04609375 0.340625
4 0.6625 0.50390625 0.05078125 0.22890625
5 0.0875 0.225 0.03515625 0.20859375
5 0.76484375 0.46171875 0.03671875 0.22890625
5 0.453125 0.803125 0.05625 0.22578125
4 0.01015625 0.44609375 0.0203125 0.2421875
4 0.23515625 0.65625 0.0734375 0.27578125
4 0.3453125 0.26640625 0.0546875 0.20234375
4 0.36875 0.43203125 0.046875 0.24765625
4 0.3796875 0.60234375 0.053125 0.28203125
4 0.509375 0.4296875 0.05703125 0.22109375
4 0.54765625 0.4515625 0.06015625 0.23984375
3 0.5 0.846875 0.4375 0.11015625
6 0.5 0.86484375 0.4375 0.0703125
3 0.5 0.95 1 0.1